0.2304347 -0.2861159 0.6383649
0.06462836 -0.3437533 0.4295585
0.1022246 -0.3359709 0.2603886
0.1193648 -0.2022742 0.6686704
0.1048092 -0.393791 0.3357622
0.2227967 -0.2634835 0.5645431
0.06708829 -0.2570641 0.5520002
-0.1740532 -0.3096552 0.5104334
0.05522343 -0.2283025 0.6246533
0.0846477 -0.2619695 0.767284
-0.03657044 -0.08044643 0.5425072
0.02821414 -0.3078209 0.4202826
0.1444271 -0.3186704 0.4117439
-0.2443998 -0.2316867 0.7752846
0.005719088 -0.3654256 0.4547415
0.006363399 -0.1359483 0.6217421
0.1144309 -0.2238366 0.597603
-0.07825896 -0.09477927 0.5885318
0.0005440598 -0.3282884 0.3203471
-0.1220268 -0.3307478 0.4269841
0.0389571 -0.2921578 0.6051791
0.02687753 -0.2221316 0.5320548
-0.08956131 -0.3317976 0.3554256
-0.1057318 -0.3384964 0.3037941
-0.1237582 -0.3602924 0.2351194
-0.1240981 -0.2681661 0.4809479
-0.146707 -0.3264883 0.473015
0.09541125 -0.2673215 0.6097866
0.1676129 -0.2446951 0.6598004
-0.01101199 -0.09456598 0.4326218
-0.1681834 -0.2426844 0.5943644
0.09621041 -0.3187506 0.2147038
-0.04770692 -0.3301807 0.3290702
0.2604165 -0.3193275 0.85957
0.1373794 -0.3624677 0.2054261
0.06773013 -0.2210598 0.6749352
0.244994 -0.2737684 0.491849
0.1485539 -0.3178246 0.5169691
0.2466172 -0.2999525 0.7989632
0.1424484 -0.2832127 0.6081545
0.02442657 -0.2944397 0.4958678
0.1949815 -0.2824857 0.5323262
0.1862506 -0.3223431 0.746057
0.3723589 -0.2856032 0.6210871
0.2987211 -0.2633552 0.6011981
0.4086785 -0.3318511 0.8460909
0.2763741 -0.2593604 0.5314668
0.2984603 -0.2938129 0.648908
0.2442393 -0.3243062 0.5057027
0.02119226 -0.3278756 0.2247893
0.07180034 -0.3302659 0.3527114
0.1838402 -0.3107241 0.4746733
0.00229478 -0.1008798 0.4923033
0.01226345 -0.2418145 0.6385933
0.06932471 -0.3256485 0.5633796
-0.05295767 -0.1596195 0.4753673
0.1069699 -0.3800154 0.6836566
-0.128321 -0.2292988 0.5392771
-0.04581947 -0.3189467 0.2616893
-0.09720248 -0.2381306 0.4153797
-0.04111927 -0.2233334 0.4916056
-0.2174081 -0.2002327 0.6492179
-0.06036341 -0.303533 0.4120216
-0.04985363 -0.1147838 0.4499295
0.09870993 -0.2601288 0.7005637
0.005048208 -0.246828 0.4911243
-0.07894437 -0.09532489 0.4229122
-0.008018494 -0.1516971 0.4503666
-0.0220148 -0.2588815 0.4138177
-0.229813 -0.1377953 0.6263877
-0.215477 -0.1826595 0.5675334
-0.03704824 -0.168579 0.526261
-0.04835028 -0.2197258 0.4431469
-0.02278488 -0.2874326 0.4663585
-0.08558419 -0.09120195 0.4905401