0.2550884 -0.4124385 0.82777
-4.019365 -29.32712 45.77999
-6.41854 -16.21663 23.02295
-5.711382 -21.10491 31.41488
-6.576132 -17.28741 24.12123
-2.418099 -22.95449 31.26083
-5.855316 -5.202129 25.27368
-6.601285 -5.307676 30.40909
0.2150387 -0.3821698 0.5177877
0.4181841 -0.3712827 0.3157771
-0.2579483 -0.2134143 0.8486187
-0.1406314 -0.168732 1.089793
0.47176 -0.3825826 0.4506592
-0.3773607 -0.254867 0.7499726
0.2848954 -0.2780943 0.7980998
0.03797644 -0.3678613 0.4788811
0.1367705 -0.4287992 0.8218983
-0.2344733 -0.2208961 0.7639699
-0.1248074 -0.3911094 0.3356317
-0.2261328 -0.2588597 0.6848085
0.01636504 -0.2872648 0.8315923
-0.1333806 -0.3973977 0.4613456
-0.1316769 -0.06112436 0.9170373
0.4278833 -0.3321834 0.9517971
-0.1530039 -0.2503417 0.7352241
-0.08083864 -0.2681969 0.9794714
-0.096561 -0.06206407 0.794813
0.4518192 -0.4310484 0.823491
-0.03260889 -0.3863724 0.3997778
0.5292258 -0.08509364 1.037335
-0.1920196 -0.3349742 0.6150138
0.2806904 -0.2240916 0.7021272
-0.009493318 -0.3993446 0.3185072
0.331322 -0.3589646 0.6585415
0.03345475 -0.3575951 0.5890232
0.4382585 -0.3391409 0.6127291
0.486597 -0.1687156 0.8633406
-0.06493421 -0.2324807 0.8141208
0.431367 -0.3058027 0.7335904
-0.3388533 -0.04431752 0.9049986
-0.1896715 -0.3969342 0.6695513
0.2792955 -0.3835589 0.3141099
-0.03889243 -0.3802997 0.5003108
0.3031567 -0.3654578 0.5666129
0.1020439 -0.1340044 0.807636
-0.01018821 -0.3733441 0.6760058
0.2002593 -0.3823518 0.4374927
0.1395394 -0.3614208 0.3560197
0.3580136 -0.3220813 0.8772333
0.1766267 -0.1441809 0.6638058
0.5789883 -0.3407401 0.8638298
0.5924982 -0.3644823 0.6439595
0.170806 -0.1676098 0.7247543
0.1437139 -0.3105299 0.6343247
0.2337431 -0.3672237 0.7408952
0.5103965 -0.3004705 0.5791832
0.2206796 -0.2743613 0.9175939
0.2205723 -0.375407 0.6205727
0.2635403 -0.3739967 0.4575432