0.06321392251711642 0.998 0.0
-0.08065346046672046 0.994 0.07388517655621549
0.012332916164131038 0.99 -0.1405272186406909
0.10145432939633243 0.986 0.13232920708120535
-0.18599358398565702 0.982 -0.03289964614050406
0.17601148019448176 0.978 -0.11196409620832724
-0.058812838184470084 0.974 0.21878082654722597
-0.11204876335292911 0.97 -0.2157430755113112
0.2428540687864461 0.966 0.0886899164159496
-0.2523920420821599 0.962 0.10418376597914523
0.12154555268450866 0.958 -0.25973578618014387
0.08972727913003574 0.954 0.2860647048832147
-0.2701621136550395 0.95 -0.15656446705891336
0.31660568810555334 0.946 -0.0696048723812433
-0.1930208396120423 0.942 0.2745522818616926
-0.04454633572704738 0.938 -0.34376099833066187
0.2731884442679488 0.9339999999999999 0.23024351004633753
-0.3672456430114558 0.9299999999999999 0.015186760322810702
0.2675997679132448 0.9259999999999999 -0.266297510714572
-0.01788486022132595 0.9219999999999999 0.3867765915549489
-0.25409267795555446 0.9179999999999999 -0.3044879488738018
0.4020909191751261 0.9139999999999999 0.05410076447613654
-0.34033463762903493 0.9099999999999999 0.23679597638032965
0.09290156623329884 0.9059999999999999 -0.41295677617808874
0.21465089737965945 0.9019999999999999 0.3745944370303796
-0.4191804915224587 0.8979999999999999 -0.13373000982199246
0.4067512128881025 0.8939999999999999 -0.18792937719807853
-0.17602861357234006 0.8899999999999999 0.42061137312702324
-0.15693532578212668 0.8859999999999999 -0.43632018463699107
0.41714499407984257 0.8819999999999999 0.219239717921111
-0.4628504731881954 0.8779999999999999 0.12200589932238459
0.2628070757337936 0.8739999999999999 -0.4087253857350339
0.08351121342137119 0.8699999999999999 0.4859278518801844
-0.39534637336055456 0.8659999999999999 -0.3061784529823371
0.5051775258626764 0.8619999999999999 -0.04185292538479381
-0.3488088931222329 0.8579999999999999 0.377052192778192
0.002538035920328331 0.8539999999999999 -0.5202668145996507
0.3539374740251456 0.8499999999999999 0.390164406988515
-0.5309076444231324 0.8459999999999999 -0.04920440115559812
0.4297259161623884 0.8419999999999999 -0.32614664949742483
-0.0976660129822681 0.8379999999999999 0.5368587802282344
-0.29387282863425473 0.8339999999999999 -0.4669933196422645
0.537927741428267 0.8299999999999998 0.14742369213217954
-0.5014895812151342 0.8259999999999998 0.25735617329426846
0.1979634291954198 0.8219999999999998 -0.5339723594917535
0.21688180442212923 0.8179999999999998 0.5327647538178568
-0.5249019441413529 0.8139999999999998 -0.24876082697367827
0.5603998707217887 0.8099999999999998 -0.1727772696132302
-0.299285726603899 0.8059999999999998 0.5106780334527582
-0.12540960169271875 0.8019999999999998 -0.5840106435701955
0.49131471017461237 0.7979999999999998 0.3490069563290063
-0.6032509153811686 0.7939999999999998 0.07518199978573605
0.3973971458337532 0.7899999999999998 -0.46687847292757784
0.022530166161396917 0.7859999999999998 0.6178158233751707
-0.4374876567381833 0.7819999999999998 -0.4439375521418905
0.627444632389487 0.7779999999999998 0.03208166587977799
-0.48812284561662767 0.7739999999999998 0.40331140274870253
0.08816497581197122 0.7699999999999998 -0.6319232050178842
0.3645681819949833 0.7659999999999998 0.5294658069005712
-0.6310860796647151 0.7619999999999998 -0.14521143224078883
0.5675018878588525 0.7579999999999998 -0.3215238829024039
-0.20269756098555358 0.7539999999999998 0.6248181325557927
-0.2744894766375373 0.7499999999999998 -0.6017935918695473
0.613055804480908 0.7459999999999998 0.26008956263615596
-0.631934631216702 0.7419999999999998 0.22381827867493578
0.3168482362072446 0.7379999999999998 -0.5957878776983956
0.1699028288915758 0.7339999999999998 0.6575538219299164
-0.573055793030859 0.7299999999999998 -0.3724339647155905
0.6783186792067065 0.7259999999999998 -0.11317141617594734
-0.42631171805997964 0.7219999999999998 0.5449535017272105
-0.05408427692115322 0.7179999999999997 -0.6939386795603171
0.5116268511524233 0.7139999999999997 0.47795602850038055
-0.7041681590555197 0.7099999999999997 -0.00687050015360222
0.5268558943217363 0.7059999999999997 -0.47327250777796487
-0.06918132765697795 0.7019999999999997 0.7088088204188899
-0.43013642526255336 0.6979999999999997 -0.5725195679296492
0.707711825422209 0.6939999999999997 0.13231769404567642
-0.6144791856578707 0.6899999999999997 0.38251186961091865
0.19573491934153203 0.6859999999999997 -0.7007794527170188
0.33073701745178585 0.6819999999999997 0.652295197964156
-0.6879663052200381 0.6779999999999997 -0.2588790506817612
0.685560560441092 0.6739999999999997 -0.2751921473583432
-0.32119185502030373 0.6699999999999997 0.6692800551851343
-0.21629644781776475 0.6659999999999997 -0.7139046481578736
0.6447817192175305 0.6619999999999997 0.3821158653640097
-0.736996858260316 0.6579999999999997 0.15450446891408673
0.4410994363827338 0.6539999999999997 -0.6145854596578371
0.09030224799498404 0.6499999999999997 0.7545498684693098
-0.5788579129541285 0.6459999999999997 -0.49760176507965787
0.766322522109326 0.6419999999999997 -0.024203142523275017
-0.551097832446836 0.6379999999999997 0.537817049815641
0.04325659405439881 0.6339999999999997 -0.7721223135428825
0.4917305760675501 0.6299999999999997 0.6010832226574585
-0.7718074513562393 0.6259999999999997 -0.11152245527689361
0.6470787773539958 0.6219999999999997 -0.4409138871685246
-0.18002650335611067 0.6179999999999997 0.7652884803061998
-0.3857275932777317 0.6139999999999997 -0.6886350439704395
0.7525294468662651 0.6099999999999997 0.24819232784103812
-0.7253364787645745 0.6059999999999997 0.3265746355328415
0.31544009826034775 0.6019999999999996 -0.7335485971696099
0.2638970177936846 0.5979999999999996 0.7568053673168552
-0.7084186002024007 0.5939999999999996 -0.3811916668649403
0.7827054276575252 0.5899999999999996 -0.19817218148733928
-0.4448756770934329 0.5859999999999996 0.677266293219041
-0.12990905433108105 0.5819999999999996 -0.8027450638918964
0.6402719504956262 0.5779999999999996 0.5059326332709987
-0.8166802411814864 0.5739999999999996 0.059643806583329885
0.5638198873255676 0.5699999999999996 -0.5976680806737003
-0.012064648944750943 0.5659999999999996 0.824316956179988
-0.5497377620378433 0.5619999999999996 -0.6180164989623045
0.8255132804896668 0.5579999999999996 0.08463937461482818
-0.6680279267714104 0.5539999999999996 0.4968125290826425
0.1574903029845685 0.5499999999999996 -0.8201809583657922
0.439269827622843 0.5459999999999996 0.713390509146427
-0.8082865437224764 0.5419999999999996 -0.2300192670998967
0.753675695647991 0.5379999999999996 -0.377530059451585
-0.30162512280073633 0.5339999999999996 0.7898520654498797
-0.312053241123521 0.5299999999999996 -0.7884939915461032
0.7649552141061176 0.5259999999999996 0.37170891892967034
-0.8174985806942119 0.5219999999999996 0.24333530480172724
0.439679070857283 0.5179999999999996 -0.733729047162559
0.17190407223096094 0.5139999999999996 0.840388594609906
-0.6963612141232315 0.5099999999999996 -0.5049564926454745
0.8569119986362942 0.5059999999999996 -0.0983149357582679
-0.5669796434614336 0.5019999999999996 0.6530927069722537
-0.02314628289082772 0.49799999999999955 -0.8668680693094758
0.604216145492205 0.49399999999999955 0.6252094445276261
-0.8701094405329725 0.48999999999999955 -0.053005296861711064
0.6791340239412791 0.48599999999999954 -0.5500736110061331
-0.12952998218655756 0.48199999999999954 0.8665436998298185
-0.4910540459921907 0.47799999999999954 -0.7282732481113801
0.8561345197758188 0.47399999999999953 0.2058098249555365
-0.7721830003300778 0.46999999999999953 0.4275902407694071
0.2812239465293564 0.4659999999999995 -0.838902313680475
0.3601554320237766 0.4619999999999995 0.8104591691033962
-0.8149244086414333 0.4579999999999995 -0.35515378105886836
0.8427413112953998 0.4539999999999995 -0.28925954130522746
-0.4269883209945364 0.4499999999999995 0.7843347332193488
-0.21544508474939703 0.4459999999999995 -0.8687159578696168
0.7473230211276412 0.4419999999999995 0.4961293199284393
-0.8881195330184048 0.4379999999999995 0.1392827881368373
0.5619964081893568 0.4339999999999995 -0.7041335364703646
0.06136694397191756 0.4299999999999995 0.9007408607294042
-0.6550633301560599 0.4259999999999995 -0.6240320772883823
0.9064232363205383 0.4219999999999995 0.017689450477670916
-0.6817064903643144 0.4179999999999995 0.6004600411311058
0.09725973331152989 0.4139999999999995 -0.9050660441515694
0.5407192599785416 0.4099999999999995 0.7345220771959537
-0.8966259065597297 0.4059999999999995 -0.17670875384638807
0.7820178741203092 0.40199999999999947 -0.4762814761843594
-0.2553981405128921 0.39799999999999947 0.8811173530367891
-0.40762863395089116 0.39399999999999946 -0.8237735713066613
0.8586130027313578 0.38999999999999946 0.33269161627645794
-0.8594132322685052 0.38599999999999945 0.3352803248056778
0.4079603165866839 0.38199999999999945 -0.8292432574887136
0.2597896483854397 0.37799999999999945 0.8886086532280508
-0.7931955067959189 0.37399999999999944 -0.4805880647693676
0.9110823329580134 0.36999999999999944 -0.18173877564180987
-0.5499765600677019 0.36599999999999944 0.750712850147177
-0.10173425129393819 0.36199999999999943 -0.9266100269874389
0.7020923464480635 0.35799999999999943 0.6155504342123825
-0.9350228635446093 0.3539999999999994 0.020402074620962243
0.6767621334485101 0.3499999999999994 -0.6476828041026113
-0.06161740037464805 0.3459999999999994 0.9362090022911929
-0.5878821293400873 0.3419999999999994 -0.7330965843615459
0.9301148207465483 0.3379999999999994 0.14367470281026062
-0.7840756036132834 0.3339999999999994 0.5231342541054501
0.22511657691854742 0.3299999999999994 -0.9167456172769392
0.45392566842695375 0.3259999999999994 0.8292620138069413
-0.8961658235977027 0.3219999999999994 -0.30529136347995733
0.8682634301303204 0.3179999999999994 -0.3807815855557233
-0.38355438549378046 0.3139999999999994 0.8684987238726888
-0.304261771316644 0.3099999999999994 -0.9007356851570046
0.8339256816595189 0.3059999999999994 0.45927329278840856
-0.9263858621948088 0.3019999999999994 0.2249560719909138
0.5318333205535437 0.2979999999999994 -0.7926848801062072
0.14347967764363093 0.2939999999999994 0.9449749108327058
-0.7450695849192269 0.28999999999999937 -0.6006424174401032
0.956319821824786 0.28599999999999937 -0.06046816009281136
-0.6651361999119404 0.28199999999999936 0.691425943660421
0.02342767333016263 0.27799999999999936 -0.9602953421329999
0.6321503388560585 0.27399999999999936 0.724782690938581
-0.9568352147984378 0.26999999999999935 -0.10754706747107362
0.7790868028782058 0.26599999999999935 -0.56768631618264
-0.19122470448893147 0.26199999999999934 0.9459329322912493
-0.4985211125987297 0.25799999999999934 -0.8275945265003418
0.9276419960684156 0.25399999999999934 0.27379614155463544
-0.8698967905205286 0.24999999999999933 0.4251818126896819
0.3546032557297305 0.24599999999999933 -0.9020756792120469
0.34823116465383236 0.24199999999999933 0.9056329587442342
-0.8694062931937295 0.23799999999999932 -0.4329996505254236
0.934493934921635 0.23399999999999932 -0.26826309025782724
-0.5083559789080568 0.22999999999999932 0.8298639639774892
-0.18589792570068198 0.2259999999999993 -0.9562248486732522
0.7837349268 0.2219999999999993 0.5800651381644988
-0.9706272993314641 0.2179999999999993 0.10177743262879474
0.6475472930640778 0.2139999999999993 -0.7313593530169595
0.01655962051797042 0.2099999999999993 0.9775611382252779
-0.673128726344876 0.2059999999999993 -0.7102546851442273
0.9769457737844441 0.2019999999999993 0.06908657673321209
-0.7676761876933356 0.1979999999999993 0.6094827896246348
0.15448672588544846 0.19399999999999928 -0.968760987821658
0.5409060868550954 0.18999999999999928 0.8193415680917868
-0.9530472554347058 0.18599999999999928 -0.2389663761042022
0.8648254215833484 0.18199999999999927 -0.46792412866102984
-0.3218565518357933 0.17799999999999927 0.9299055651195843
-0.39109921254114066 0.17399999999999927 -0.9037507432637054
0.899496739865966 0.16999999999999926 0.4024992111427039
-0.9357921080682776 0.16599999999999926 0.31102593216182034
0.4802526240718144 0.16199999999999926 -0.8620402641826754
0.2283264125960836 0.15799999999999925 0.9606784317923471
-0.8178126261379609 0.15399999999999925 -0.5544966262560413
0.9781952896556849 0.14999999999999925 -0.1436453107324808
-0.6246377039530969 0.14599999999999924 0.767145187562435
-0.05764462207618499 0.14199999999999924 -0.9881867726020694
0.7104215995174736 0.13799999999999923 0.6901138680964429
-0.9905568653704785 0.13399999999999923 -0.02900166318355099
0.7503992766618998 0.12999999999999923 -0.6480747839449531
-0.11561301067070895 0.12599999999999922 0.9852703343568479
-0.5805835060547417 0.12199999999999922 -0.8050085667228539
0.9723531173700735 0.11799999999999922 0.20150785379408948
-0.8535008599637528 0.11399999999999921 0.5084685654405143
0.28600912155482616 0.10999999999999921 -0.9518922115383847
0.43228863711803767 0.1059999999999992 0.8954834081202341
-0.9240350598081999 0.1019999999999992 -0.36844973638918066
0.9306148477975077 0.0979999999999992 -0.35263579662141764
-0.44817803646594856 0.0939999999999992 0.8889884406613661
-0.27013076595023133 0.08999999999999919 -0.9586080373578877
0.847016869823368 0.08599999999999919 0.524563077460303
-0.9792324520380635 0.08199999999999918 0.1854179195102831
0.5969997698054266 0.07799999999999918 -0.798440526809773
0.0991600912134601 0.07399999999999918 0.9923161171272683
-0.7436327231265942 0.06999999999999917 -0.664913808771728
0.9977470628782243 0.06599999999999917 -0.012033225580732358
-0.7277663564295332 0.06199999999999917 0.6830169327690798
0.07527908298741076 0.05799999999999916 -0.9954742888013606
0.6170634093204678 0.05399999999999916 0.7850584366006145
-0.9855082290759318 0.049999999999999156 -0.16209111765800344
0.8363350062796077 0.04599999999999915 -0.5462854174067697
-0.2477205876417453 0.04199999999999915 0.967920714965037
-0.4712351094866154 0.037999999999999146 -0.8811886696883579
0.9428444343102728 0.03399999999999914 0.33149415181891484
-0.9192630040920473 0.029999999999999142 0.39249908191951827
0.41275287182877735 0.025999999999999142 -0.9104718923707074
0.31069364693671025 0.021999999999999142 0.9502554697307282
-0.8710538824248455 0.01799999999999914 -0.49085754951167176
0.9739198796765461 0.013999999999999142 -0.22645985951338443
-0.5651939045460347 0.009999999999999142 0.8248974786384112
-0.14045834018985479 0.0059999999999991414 -0.9900684090865192
0.7723635676808056 0.0019999999999991414 0.6351775494453323
-0.9985731271525052 -0.0020000000000008587 0.053363936594544435
0.7002587207611439 -0.006000000000000859 -0.7138639394156048
-0.03413973223046192 -0.010000000000000859 0.9993670390218162
-0.6498579606631627 -0.014000000000000859 -0.7599267273643658
0.992444629040467 -0.01800000000000086 0.12136580362165396
-0.8137140790297125 -0.02200000000000086 0.5808488595054885
0.20762972552269848 -0.02600000000000086 -0.9778619008220787
0.5073796508458847 -0.03000000000000086 0.8612002612096145
-0.9557359138341274 -0.03400000000000086 -0.2922547912483992
0.9020151248299356 -0.038000000000000866 -0.43002873692119187
-0.3745776090474494 -0.04200000000000087 0.9262438203844039
-0.3494052191678101 -0.046000000000000874 -0.9358418631469179
0.8896214110490475 -0.05000000000000088 0.4539534612745031
-0.9624195511454907 -0.05400000000000088 0.26614396024128023
0.5297615089072195 -0.058000000000000884 -0.8461611806744304
0.18090043706299822 -0.06200000000000089 0.9815452266046717
-0.7962099310741876 -0.06600000000000089 -0.6014097984393315
0.9930754957756193 -0.0700000000000009 -0.09434542749920524
-0.6683400298355435 -0.0740000000000009 0.7401659303963029
-0.007159574652233155 -0.0780000000000009 -0.9969276505799199
0.6784756528210769 -0.0820000000000009 0.7300320462342822
-0.9930802883066138 -0.08600000000000091 -0.07997212624941612
0.7860080084131708 -0.09000000000000091 -0.6116301257380645
-0.1663658727456421 -0.09400000000000092 0.9815734289321307
-0.5401609148094314 -0.09800000000000092 -0.8358362196700009
0.962508129372882 -0.10200000000000092 0.2513445859594257
-0.8791345696967626 -0.10600000000000093 0.46463578033131253
0.33424338160299494 -0.11000000000000093 -0.9360455981706203
0.38565404102845585 -0.11400000000000093 0.915573569211356
-0.9024058182706294 -0.11800000000000094 -0.4144149359655313
0.944878950534175 -0.12200000000000094 -0.303841683837876
-0.4912347025695023 -0.12600000000000094 0.8618656896474371
-0.21984626033415275 -0.13000000000000095 -0.9668338129260311
0.8147567075276603 -0.13400000000000095 0.5641059364504917
-0.9812802953093763 -0.13800000000000096 0.13433161220480805
0.6324644846432411 -0.14200000000000096 -0.7614621958212758
0.04797246958421665 -0.14600000000000096 0.988120762944485
-0.70241411906863 -0.15000000000000097 -0.6957833034307738
0.9873184986929715 -0.15400000000000097 0.03855103291296512
-0.7535766652172948 -0.15800000000000097 0.638089499709861
0.12455887696142523 -0.16200000000000098 -0.9788978936386105
0.5690064707567195 -0.16600000000000098 0.8054040204996386
-0.9629441360151089 -0.17000000000000098 -0.2093766723255365
0.8508734833143135 -0.174000000000001 -0.4957199969666005
-0.29234111402691937 -0.178000000000001 0.9396024015771242
-0.4188173003596004 -0.182000000000001 -0.889644911703257
0.9090765527092289 -0.186000000000001 0.3728053397073387
-0.921432558144538 -0.190000000000001 0.33891302835862236
0.4501441428851925 -0.194000000000001 -0.8716273576627541
0.2566442049495211 -0.198000000000001 0.9460072685058122
-0.8275702453080652 -0.202000000000001 -0.5237589990451222
0.9631982118678893 -0.20600000000000102 -0.17266500703529922
-0.593082863102147 -0.21000000000000102 0.7772726146562476
-0.08764140958056436 -0.21400000000000102 -0.9728941275014108
0.7211507221069293 -0.21800000000000103 0.6575846987306304
-0.9750440793282101 -0.22200000000000103 0.0022457441979705658
0.7167737023278326 -0.22600000000000103 -0.6596661728869014
-0.08284878349158872 -0.23000000000000104 0.9696577123263463
-0.5933220464278895 -0.23400000000000104 -0.7702031869725161
0.9568050095092859 -0.23800000000000104 0.16697357209431335
-0.8174740946191704 -0.24200000000000105 0.5226586884636731
0.2494700527281748 -0.24600000000000105 -0.9366155522901598
0.4482492053813014 -0.25000000000000105 0.8582381079135506
-0.9092772911962143 -0.25400000000000106 -0.3296950222779748
0.8922003363988541 -0.25800000000000106 -0.370694698815307
-0.407025837387662 -0.26200000000000107 0.875034837991535
-0.2906192806069769 -0.26600000000000107 -0.9191215554753803
0.8341872942633975 -0.2700000000000011 0.48086542617400896
-0.9388199802496198 -0.2740000000000011 0.2086649100450359
0.5506470762239971 -0.2780000000000011 -0.7870856353955159
0.12548609674451108 -0.2820000000000011 0.9511725603295265
-0.734129672557475 -0.2860000000000011 -0.615838959364097
0.9561157856581557 -0.2900000000000011 -0.04174451359504745
-0.6759483559467278 -0.2940000000000011 0.6757646188525374
0.041896435090416705 -0.2980000000000011 -0.9536459975938208
0.6124772890562474 -0.3020000000000011 0.7305255439683881
-0.9438192036067026 -0.3060000000000011 -0.12477704477670916
0.7791673211934971 -0.3100000000000011 -0.5447919654181299
-0.20624669587152647 -0.3140000000000011 0.9267503981342966
-0.47326596476272215 -0.3180000000000011 -0.8215201315836448
0.9026123962859942 -0.3220000000000011 0.2856691479156517
-0.8572827706972518 -0.3260000000000011 0.3984849445909374
0.36242769868477326 -0.3300000000000011 -0.8716341911754371
0.3210579880276379 -0.33400000000000113 0.8862086483010896
-0.8340988496535652 -0.33800000000000113 -0.43593016528636613
0.908107590192429 -0.34200000000000114 -0.2416125092682466
-0.5056136458933959 -0.34600000000000114 0.7903409650817721
-0.16078902263112546 -0.35000000000000114 -0.9228471651369616
0.740743689490649 -0.35400000000000115 0.5709490226629521
-0.93035352685001 -0.35800000000000115 0.07923581941108891
0.6314451686260718 -0.36200000000000115 -0.6857353709841654
-0.002396402556272189 -0.36600000000000116 0.9306117650528535
-0.6257858255421297 -0.37000000000000116 -0.6866528238859534
0.923665763787504 -0.37400000000000116 0.08345991137573798
-0.7361681093037984 -0.37800000000000117 0.5614022754176098
0.1633152704242902 -0.38200000000000117 -0.9096175693368286
0.4931249890949798 -0.3860000000000012 0.7796356489605097
-0.8886262742372724 -0.3900000000000012 -0.24133657977021036
0.8167512760320257 -0.3940000000000012 -0.4215226602450417
-0.3169165857260767 -0.3980000000000012 0.860906427953541
-0.34718756526539113 -0.4020000000000012 -0.8472643002777166
0.826725988773878 -0.4060000000000012 0.38947161576404077
-0.870979319084792 -0.4100000000000012 0.27073054080873676
0.4584462975650939 -0.4140000000000012 -0.7864038353472448
0.1927758241639293 -0.4180000000000012 0.8877575579052632
-0.7403068599870423 -0.4220000000000012 -0.5233180228657569
0.8975177299326211 -0.4260000000000012 -0.11395580045172601
-0.5836011189896051 -0.4300000000000012 0.688846669378665
-0.034905701320580414 -0.4340000000000012 -0.9002364089589564
0.6324759216203429 -0.4380000000000012 0.6388506934883117
-0.895947913495012 -0.4420000000000012 -0.04374169982903402
0.6886661201458454 -0.44600000000000123 -0.5716843315705503
-0.1213613511029085 -0.45000000000000123 0.8847437043904158
-0.5069943792449164 -0.45400000000000124 -0.7326941376959835
0.8667713023238048 -0.45800000000000124 0.1973410992872348
-0.7706315359410352 -0.46200000000000124 0.43895675847759735
0.2710867371727148 -0.46600000000000125 -0.8422327356075934
0.36814560521549483 -0.47000000000000125 0.8022274075101872
-0.8113825327351079 -0.47400000000000125 -0.34202687843554114
0.8272849472289239 -0.47800000000000126 -0.29515354663028465
-0.40961761901677346 -0.48200000000000126 0.7745252779548439
-0.22058661369753646 -0.48600000000000126 -0.8456627849547671
0.7320127518548784 -0.49000000000000127 0.47334694582499126
-0.8572758417359971 -0.49400000000000127 0.1450590609918465
0.5327388558031058 -0.4980000000000013 -0.6842406824485053
0.06918813817254797 -0.5020000000000012 0.8620957032349802
-0.6316451355401014 -0.5060000000000012 -0.587357150929931
0.8601505084913912 -0.5100000000000012 0.006411142019944014
-0.6368088775489599 -0.5140000000000012 0.5746985761900169
0.08113119447467454 -0.5180000000000012 -0.8515243562477302
0.5139056358630534 -0.5220000000000012 0.6807473815066714
-0.8363562351846905 -0.5260000000000012 -0.15437696676541293
0.7188749539142166 -0.5300000000000012 -0.44979862231317663
-0.22557091498793327 -0.5340000000000013 0.8148384884819232
-0.38293281140647156 -0.5380000000000013 -0.7509450458910654
0.7872148270957942 -0.5420000000000013 0.294157807988395
-0.7767640343768288 -0.5460000000000013 0.3138815618965714
0.3596093191260372 -0.5500000000000013 -0.7537779099958466
0.2432312956263503 -0.5540000000000013 0.7961925249761678
-0.7148665132929044 -0.5580000000000013 -0.42142836659679694
0.8091461817982777 -0.5620000000000013 -0.17157638672401004
-0.479153165561068 -0.5660000000000013 0.6708623136924643
-0.09951400408137738 -0.5700000000000013 -0.8155960783327063
0.6221863149871718 -0.5740000000000013 0.5323609578497304
-0.8155685675322826 -0.5780000000000013 0.027638951740960392
0.5806713878462165 -0.5820000000000013 -0.5692949493336008
-0.04346144822692757 -0.5860000000000013 0.8091446734163282
-0.5126758878151285 -0.5900000000000013 -0.6237494962346409
0.7964590106275641 -0.5940000000000013 0.11321238620469229
-0.6613083066385088 -0.5980000000000013 0.4528435972506472
0.18105646552267488 -0.6020000000000013 -0.7776982424388235
0.39033468234688656 -0.6060000000000013 0.6931109837227755
-0.753099091675948 -0.6100000000000013 -0.2464584308090522
0.7189725450637077 -0.6140000000000013 -0.3257030540916268
-0.3089096835811267 -0.6180000000000013 0.7229459228668536
-0.25951496673032276 -0.6220000000000013 -0.7387611129742536
0.6875679176106064 -0.6260000000000013 0.3679325463622547
-0.7523986964742146 -0.6300000000000013 0.19234396674681742
0.42308423884114144 -0.6340000000000013 -0.6473358686525954
0.1247657979701999 -0.6380000000000013 0.75986149768024
-0.6026586214222664 -0.6420000000000013 -0.4739605321389235
0.7611797410255541 -0.6460000000000014 -0.057353307247869946
-0.520199050092998 -0.6500000000000014 0.5539791948100043
0.009328604943864996 -0.6540000000000014 -0.7564370278680173
0.5017706157032361 -0.6580000000000014 0.5614821895811065
-0.7457692231720848 -0.6620000000000014 -0.07472794503599943
0.5975396352686763 -0.6660000000000014 -0.44653150424463395
-0.13831045497376945 -0.6700000000000014 0.7293628850201709
-0.3887814488958328 -0.6740000000000014 -0.6281504477388001
0.7074532516870198 -0.6780000000000014 0.19956426703561006
-0.6531447077277077 -0.6820000000000014 0.32905621216941844
0.25800434459137483 -0.6860000000000014 -0.6803218048629437
0.2679028093139575 -0.6900000000000014 0.6724047031079478
-0.6482934313053256 -0.6940000000000014 -0.3131766704695053
0.6858656493044274 -0.6980000000000014 -0.2058745032883243
-0.36466214688689685 -0.7020000000000014 0.6117332087011766
-0.14352576003231285 -0.7060000000000014 -0.6935159379618792
0.5710428448071148 -0.7100000000000014 0.4120801735034038
-0.6953969128727715 -0.7140000000000014 0.08140720832344593
0.4550918730761377 -0.7180000000000014 -0.5266568019688445
0.020060648400204478 -0.7220000000000014 0.6916021763888264
-0.47903814188638894 -0.7260000000000014 -0.49340293738285934
0.6822764337438333 -0.7300000000000014 0.039985846968578674
-0.5267660695411531 -0.7340000000000014 0.42867412795754645
0.0982226961843879 -0.7380000000000014 -0.6676138868794351
0.37607162468625316 -0.7420000000000014 0.5549830025377712
-0.6478561934571229 -0.7460000000000014 -0.15416339578267246
0.5779060776840513 -0.7500000000000014 -0.321752335462904
-0.20734889081227825 -0.7540000000000014 0.6232900107324967
-0.2662479215012424 -0.7580000000000015 -0.5954393707979563
0.5942441478359118 -0.7620000000000015 0.25735169081000536
-0.60753935815958 -0.7660000000000015 0.210095045841265
0.3037796959336478 -0.7700000000000015 -0.5610863537268201
0.15383038709643268 -0.7740000000000015 0.6142151186724073
-0.5242197716522746 -0.7780000000000015 -0.34627970054398927
0.6155280731689692 -0.7820000000000015 -0.0979856680382076
-0.3845405445817849 -0.7860000000000015 0.48407909433556623
-0.043082744179996774 -0.7900000000000015 -0.6115912664140313
0.44112645735105716 -0.7940000000000015 0.4182958864546766
-0.6025682020765574 -0.7980000000000015 -0.010371202737517703
0.4473265748169079 -0.8020000000000015 -0.39584711122170746
-0.06188832202024496 -0.8060000000000015 0.5886712457709448
-0.34874491574075905 -0.8100000000000015 -0.4714626005792702
0.5701596162334797 -0.8140000000000015 0.1110045585392275
-0.4905846147194844 -0.8180000000000015 0.30033770292877415
0.1572838820080531 -0.8220000000000015 -0.5473369898522065
0.25115255798925407 -0.8260000000000015 0.5046250019722088
-0.5205487491955755 -0.8300000000000015 -0.2003222396812679
0.513568505271123 -0.8340000000000015 -0.20172107077244564
-0.23975119228021075 -0.8380000000000015 0.4901789120313264
-0.15257461383141974 -0.8420000000000015 -0.5174524009164423
0.4566467838204957 -0.8460000000000015 0.27524119391252966
-0.5163662298960501 -0.8500000000000015 0.10423970751559579
0.3065044772560148 -0.8540000000000015 -0.42040338417050654
0.057233538248284206 -0.8580000000000015 0.5104510966778107
-0.3819277067981666 -0.8620000000000015 -0.33329750491098925
0.49989855324695814 -0.8660000000000015 -0.012059704042615053
-0.35542294593608387 -0.8700000000000015 0.34172288407730744
0.030795727197090172 -0.8740000000000016 -0.48494909339682213
0.30031234265358603 -0.8780000000000016 0.3727311321179281
-0.46589029062612114 -0.8820000000000016 -0.0708677437224135
0.3851209397413187 -0.8860000000000016 -0.25823605823502016
-0.10771537058822231 -0.8900000000000016 0.44305462297445797
-0.21604704942297667 -0.8940000000000016 -0.3925400265394894
0.4168170405658064 -0.8980000000000016 0.1409239322966831
-0.39498432484313095 -0.9020000000000016 0.17430829908014464
0.1701063546441234 -0.9060000000000016 -0.3875923478471741
0.1335903692661706 -0.9100000000000016 0.3924966410548317
-0.355832494642112 -0.9140000000000016 -0.19490314455330993
0.38516412002675454 -0.9180000000000016 -0.09447010449879292
-0.21498047989612393 -0.9220000000000016 0.32202390169617734
-0.05753104124183474 -0.9260000000000016 -0.3731141638877132
0.2866849932208732 -0.9300000000000016 0.23002546524666534
-0.3565080706798033 -0.9340000000000016 0.023366547459164437
0.23973689109214955 -0.9380000000000016 -0.2503641808435619
-0.007412502731374898 -0.9420000000000016 0.3355310042354571
-0.21363865648783123 -0.9460000000000016 -0.2438083765051386
0.31037549927425223 -0.9500000000000016 0.03416210547164184
-0.24189758819602802 -0.9540000000000016 0.17711453024792087
0.05617453597839962 -0.9580000000000016 -0.28121241350197956
0.1414291147828532 -0.9620000000000016 0.23356756087208558
-0.24813465180836755 -0.9660000000000016 -0.07261676508862809
0.21816520940675238 -0.9700000000000016 -0.10725642826658319
-0.08239579161920853 -0.9740000000000016 0.21103301524510515
-0.07531633759697305 -0.9780000000000016 -0.19453392838005296
0.16926602300023733 -0.9820000000000016 0.08381535335294983
-0.16016579291205485 -0.9860000000000017 0.04637799888793697
0.07341071048459868 -0.9900000000000017 -0.12046106253118943
0.021120825126785887 -0.9940000000000017 0.10732152974105655
-0.05089734070385745 -0.9980000000000017 -0.03748947464652078