0.4156055 -0.4419172 0.8958637
0.2139979 -0.4897435 0.6868443
0.1958596 -0.2775276 0.7211949
0.1849371 -0.4508954 0.6706792
0.11751 -0.4511545 0.6526791
0.1287462 -0.4970671 0.6293047
0.1296238 -0.4247673 0.6695904
0.1323703 -0.2899923 0.665037
0.1334114 -0.2909811 0.6680923
0.01741341 -0.415962 0.8897738
0.1152508 -0.4671428 0.657113
0.01477858 -0.317993 0.8867798
0.0389545 -0.4293649 0.8751519
0.2843595 -0.4354787 0.7361853
0.3673943 -0.4310722 0.8016844
0.3829615 -0.4213772 0.8285432
0.06264204 -0.4260291 0.9827976
0.330695 -0.4058322 0.7855654
0.3042759 -0.5469197 0.7663416
0.1260784 -0.4447635 0.7331032
0.2211369 -0.4266479 0.7381873
0.08592465 -0.4711755 0.6432786
0.2043632 -0.52605 0.5795625
0.1629291 -0.4079674 0.7290056
0.2981836 -0.5190588 0.7132831
0.2581176 -0.323512 0.7132614
0.1831794 -0.539026 0.6462017
0.2218106 -0.2869673 0.6895605
0.1815226 -0.531536 0.6349065
0.2399795 -0.3040563 0.693755
0.1799358 -0.2676563 0.7665223
0.07808477 -0.5235984 0.7020655
0.08574494 -0.4254731 0.8800444
0.03848364 -0.5428863 0.4996323
0.05468841 -0.4029431 0.7698735
0.01917872 -0.414981 0.9225887
0.1221193 -0.3238291 0.6727574
0.01194976 -0.3535032 0.935101
0.06604114 -0.5079753 0.657323
0.4319893 -0.4736575 0.7779995
0.458199 -0.4604096 0.8595431
0.3049271 -0.4409146 0.77927
0.3020804 -0.4343048 0.8040371
0.2736923 -0.3218874 0.7326103
0.2954459 -0.4268817 0.7859282
0.2181894 -0.2896799 0.6712738
0.2675421 -0.3867133 0.7872865
0.263307 -0.5067483 0.7181616
0.2273995 -0.3137269 0.6894495
0.2708194 -0.4517855 0.8522052
0.2188561 -0.4522356 0.711668
0.1384084 -0.5550917 0.4621996
0.1738564 -0.5738558 0.6745495
0.2262164 -0.5313097 0.7028248
0.1731034 -0.4364572 0.7267475
0.1338624 -0.4002712 0.6666222
0.1324533 -0.4168836 0.6906168
0.1195643 -0.471571 0.6628979
0.1457415 -0.2821036 0.776071
0.0969243 -0.4874869 0.7208072
0.06343586 -0.4952332 0.6243684
0.1788111 -0.4846598 0.6622236
0.08465178 -0.4547009 0.7995149
0.08930597 -0.4727447 0.7259676
0.06094353 -0.4437721 0.94337
0.01136982 -0.5454673 0.7631328
0.03760606 -0.420859 0.8246803
0.002564013 -0.3264267 0.8120977
0.01002823 -0.3739762 0.8494816
-0.007842049 -0.4402898 0.806385
0.1378651 -0.5145052 0.6376619
0.09337223 -0.3149571 0.8113471
0.09239933 -0.5445788 0.5673661
0.4197906 -0.4447808 0.9055759
0.2178942 -0.5307077 0.4866167
0.1919986 -0.3491297 0.6856954
0.2263038 -0.525297 0.6575301
0.1187054 -0.4531414 0.6564096
0.1636631 -0.3829249 0.7118176
0.1298213 -0.4988503 0.6323453
0.164779 -0.384433 0.7149353
0.1304606 -0.4258474 0.6719802
0.1030422 -0.4941968 0.6366012
0.1142804 -0.3013771 0.667523
0.1155002 -0.3030931 0.6720146
0.08775622 -0.3902876 0.8224823
0.08977848 -0.3915096 0.8255851
0.03825978 -0.4117958 0.865801
0.04076455 -0.4151492 0.8738996
0.1422768 -0.3240446 0.6714732
0.1636983 -0.3492609 0.6842826
0.1846679 -0.2984417 0.7117575
0.2241714 -0.4340099 0.7558262
0.1924196 -0.5055482 0.597183
0.1963035 -0.5112588 0.6041242
0.1460821 -0.4112088 0.7000169
0.07787602 -0.5218579 0.6968643
0.09030011 -0.4770479 0.7147704
0.1074021 -0.4398148 0.7272524
0.01337666 -0.3516356 0.9302678
0.4462188 -0.485341 0.8032882
0.4265716 -0.4336923 0.8231331
0.238527 -0.5447787 0.5264655
0.2937755 -0.4253095 0.7815001
0.1653427 -0.4324174 0.6546442
0.1212807 -0.476133 0.6715842
0.1210282 -0.3397659 0.6717547
0.229847 -0.2988287 0.7028316
0.0142156 -0.5330393 0.7622349
0.03557455 -0.5541341 0.787248
0.01697855 -0.3297172 0.9083703
0.09561391 -0.3198695 0.8318011
0.09519445 -0.3185744 0.8258795
0.2262445 -0.2955659 0.7470858
0.1830761 -0.3019192 0.7013416
0.3791563 -0.4119703 0.7938036
0.1625519 -0.3427388 0.6726399
0.1652165 -0.3465581 0.6822829
0.1730613 -0.2803178 0.6697288
0.1756955 -0.3000774 0.6859681
0.1683413 -0.3485769 0.6890211
0.318822 -0.4274344 0.818401
0.18356 -0.2911288 0.6514584
0.1680901 -0.3253478 0.6668354
0.1891181 -0.2956762 0.6644593
0.3562478 -0.3914547 0.8103188
0.335961 -0.551344 0.771136
0.1845458 -0.5301563 0.6455501
0.1650794 -0.4469316 0.6527839
0.3433872 -0.5307257 0.7725614
0.1668225 -0.450578 0.6588283
0.1424486 -0.489318 0.6316711
0.223658 -0.5345726 0.4873847
0.1389936 -0.5342695 0.4491968
0.1594698 -0.4562331 0.6851718
0.3244513 -0.5460508 0.7426754
0.1459814 -0.4624863 0.6486276
0.2072635 -0.5245299 0.4444922
0.1331368 -0.290362 0.6569087
-0.02628086 -0.3723369 0.8488087
-0.001717459 -0.3471325 0.9779471
0.1244935 -0.3362271 0.6917679
0.004801668 -0.3324551 0.9167014
0.1559558 -0.2697984 0.7075986
0.1601305 -0.2738494 0.7241734
0.1062068 -0.2830369 0.6784657
0.1087254 -0.2869881 0.6924314
0.1589347 -0.4534244 0.6791087
0.08314426 -0.2814448 0.6826995
-0.05529172 -0.3558121 0.8443711
0.03489981 -0.4009796 0.857861
-0.0551324 -0.5588259 0.8015381
-0.0621055 -0.3712685 0.8318737
0.04512693 -0.5399019 0.7177743
0.1249575 -0.4466598 0.6560187
0.05553506 -0.5419987 0.7701305
0.05495949 -0.5343231 0.7223802
0.179977 -0.5400575 0.4950614
0.1352234 -0.5500712 0.5300418
0.1361847 -0.553252 0.5332627
0.08902773 -0.4411373 0.8070726
0.009937245 -0.3154774 1.178501
0.1873905 -0.3148273 0.6713148
0.0881101 -0.2864162 0.6987535
0.08865451 -0.2877093 0.7025102
0.1715611 -0.3178626 0.7070547
0.1679131 -0.314257 0.6942531
0.05794932 -0.5306083 0.7208404
-0.04955154 -0.2936172 1.114878
0.3176651 -0.5307301 0.7167542
0.2150827 -0.5233643 0.4528399
-0.02613721 -0.3881452 0.8322392
-0.03773138 -0.5401164 0.7577379
0.2259563 -0.5393274 0.6203166
0.08141318 -0.4938011 0.6680155
0.220119 -0.4492175 0.7219691
0.04050725 -0.4412615 0.8682173
0.08058628 -0.4234663 0.9989445
0.122828 -0.534564 0.4463417
0.4422832 -0.4544484 0.7276551
0.2010694 -0.5205345 0.4254063
0.04760225 -0.5449289 0.7984669
-0.04544347 -0.3603001 1.151236
0.01901305 -0.319081 1.152903
0.1361046 -0.3770728 0.7273757
0.4466718 -0.4797638 0.8308915
-0.07616746 -0.3972463 0.8797122
-0.07518613 -0.3945975 0.8710807
0.2232938 -0.5276331 0.5826753
0.2451956 -0.4191872 0.7175645
0.09974419 -0.4142257 0.7993307
0.104297 -0.4914159 0.6735368
0.1036227 -0.4891613 0.6697225
0.1268002 -0.542108 0.4531788
0.01340306 -0.5155335 0.4833846
0.013696 -0.5233138 0.4909807
0.1542995 -0.4954058 0.6494268
-0.0434201 -0.5336122 0.5989168
0.2323933 -0.5407547 0.5521737
0.2313661 -0.5381715 0.5702096
0.2335492 -0.5423184 0.5749173
0.2036557 -0.497608 0.6169705
0.3696425 -0.435905 0.7650823
0.06495842 -0.5414227 0.4967613
0.1648926 -0.4831012 0.6370533
0.1675793 -0.5269256 0.489702
-0.04348723 -0.538004 0.6015297
0.2793973 -0.4855333 0.7158113
0.271417 -0.5491574 0.5787953
0.06924419 -0.5400872 0.5063489
0.1251222 -0.5447125 0.4464698
0.07838535 -0.529143 0.5966374
0.1748384 -0.541211 0.4853994
0.1761431 -0.5445379 0.4885243
0.2729952 -0.5348347 0.628676
0.2289883 -0.5369844 0.514169
0.06888202 -0.5414132 0.5293897
0.08004746 -0.5380794 0.5465229
0.2327795 -0.5413224 0.5040581
0.2828774 -0.5360745 0.7065681
0.1140275 -0.2748412 0.6937703
0.2306862 -0.5315057 0.6651945
-0.1557604 -0.5561497 0.5734766
0.1577131 -0.348538 0.7188424
0.182234 -0.2925746 0.7016918
0.1316333 -0.4282418 0.6762044
0.1038525 -0.4964949 0.639845
0.07721325 -0.4880735 0.7534738
0.1501121 -0.3568494 0.7019831
0.038871 -0.4132829 0.8691432
0.279334 -0.544469 0.7555392
0.143705 -0.3253736 0.6775257
0.3034283 -0.5535038 0.770092
0.164584 -0.3504245 0.6867545
0.1102688 -0.4753739 0.6590784
0.08734775 -0.4716363 0.6474293
0.5429392 -0.4996882 0.9084598
0.3037424 -0.5247854 0.7276521
0.1858261 -0.5189937 0.5950865
0.2251938 -0.2896912 0.7011774
0.2432587 -0.3072639 0.7063177
0.02099799 -0.4107603 0.911688
0.06518372 -0.5145031 0.6662543
0.4525915 -0.4910445 0.8153846
0.4253073 -0.4348463 0.821282
0.3669481 -0.3995617 0.7898193
0.3394972 -0.4081012 0.8279151
0.1394303 -0.5530712 0.4469763
0.06718824 -0.520376 0.6742737
0.1294475 -0.5621963 0.4518077
0.01351426 -0.3468294 0.9115568
0.137218 -0.5467503 0.4566184
0.1840907 -0.2670521 0.7184354
0.1498458 -0.3422936 0.6898484
0.1671771 -0.4363296 0.6607054
0.0891078 -0.4695815 0.7187491
0.01130724 -0.5602421 0.7887906
0.1687217 -0.4380897 0.6637929
0.01072124 -0.3768944 0.8585854
-0.08679604 -0.3306826 1.087467
0.2224033 -0.2931789 0.7362903
0.1795848 -0.2990486 0.6900197
0.3862437 -0.4175493 0.8071095
0.223028 -0.2923095 0.7335705
0.1755321 -0.3567956 0.6860104
0.3223046 -0.4310037 0.8265327
0.1862657 -0.2938449 0.6598712
0.1710127 -0.3290781 0.6769627
0.1754594 -0.3541804 0.6806265
0.366138 -0.3990028 0.830393
0.3281678 -0.5418257 0.7557472
0.1820629 -0.524927 0.6383078
0.1519689 -0.4641363 0.6650552
0.1450142 -0.4960946 0.6414579
0.1398146 -0.5368677 0.4514777
0.1474441 -0.5019918 0.6480672
0.1351987 -0.2931835 0.6657759
0.003067628 -0.338451 0.9346126
-0.02583779 -0.3695717 0.8392683
0.100019 -0.2954209 0.6992482
0.1523578 -0.2617769 0.7021961
-0.01305087 -0.3531062 0.8568414
0.08422028 -0.2837275 0.6903495
-0.05611686 -0.3597521 0.8563678
0.035434 -0.4051704 0.8688278
-0.05539005 -0.5618693 0.8061914
0.021057 -0.5164117 0.6533362
0.04541687 -0.5422459 0.7210636
0.1264142 -0.4506279 0.6626501
0.05543541 -0.5377212 0.7273468
0.1834626 -0.5483523 0.5030049
-0.06057689 -0.3694744 0.8255783
0.08964173 -0.4434755 0.8118411
0.2382948 -0.4458716 0.793128
0.00992962 -0.3145958 1.171132
0.184965 -0.3128194 0.6640996
0.1931141 -0.3271 0.6677378
0.01037386 -0.5654024 0.7900777
0.05849708 -0.5343407 0.726354
-0.04895312 -0.2923521 1.104485
0.2195551 -0.5319287 0.4605128
-0.05722285 -0.3792579 0.8465168
-0.0473078 -0.2906061 1.092977
0.2270576 -0.5415906 0.6230859
0.08186328 -0.4959081 0.6710454
0.2221011 -0.4524016 0.7278016
0.04031483 -0.4395397 0.8633116
0.08120979 -0.4259291 1.00564
0.1240643 -0.5388679 0.4500408
0.04853217 -0.553035 0.8117583
0.01581233 -0.4693587 0.5156062
0.1168321 -0.4420506 0.6858376
-0.04468703 -0.357377 1.136137
-0.02625363 -0.3766749 0.8034596
0.4539776 -0.485787 0.8431799
-0.04356866 -0.3568881 1.131797
0.2275298 -0.5355132 0.5921255
0.249659 -0.4247753 0.7290973
0.100956 -0.4179364 0.8078563
0.3016321 -0.4465218 0.7942324
0.2643117 -0.469944 0.7556549
0.09134616 -0.540639 0.5848879
0.155757 -0.4987689 0.6545789
0.2361045 -0.5476437 0.559692
0.06722262 -0.5426495 0.4908334
0.2080398 -0.5058607 0.6283846
0.3769763 -0.4422851 0.7786154
0.1702035 -0.4927534 0.6515802
0.2875127 -0.4961913 0.7340268
0.2752295 -0.5553664 0.5858249
0.1264767 -0.5494398 0.4504387
0.2237543 -0.5477006 0.5432068
0.269367 -0.5045426 0.7584925
0.2323408 -0.5432737 0.5205371
0.06953772 -0.5453574 0.533436
0.2562699 -0.4403194 0.7777951
0.08094213 -0.5427554 0.5515423
0.2369691 -0.5490772 0.5116489
0.4117714 -0.439384 0.8113385
0.3729519 -0.4194558 0.8047384
0.1144254 -0.2768324 0.7078968
0.2299546 -0.5287327 0.6609359
0.2015705 -0.2807196 0.7359607
0.1598498 -0.3506994 0.7244623
0.1325418 -0.5064915 0.6420895
0.1929085 -0.3505611 0.6884859
0.04342742 -0.5356166 0.7480934
0.02005295 -0.4221002 0.9058503
0.1532837 -0.359164 0.7074181
0.3304147 -0.4328869 0.7747796
0.2833617 -0.5480216 0.7604117
0.2832123 -0.5493795 0.7637753
0.1031908 -0.4596253 0.6618976
0.1538051 -0.3859388 0.7294787
0.4280903 -0.427125 0.8765954
0.1904405 -0.5244299 0.6004362
0.2301344 -0.2919973 0.7077098
0.1955597 -0.5084188 0.5997689
0.2252792 -0.3263645 0.6912752
0.1801433 -0.2669641 0.763141
0.09094042 -0.4742556 0.7095884
0.02159239 -0.4083396 0.9050033
0.001329262 -0.3545249 0.8455406
-0.07341732 -0.5505617 0.6546779
-0.07488013 -0.552168 0.6614879
-0.0737891 -0.5478917 0.6522554
0.3959653 -0.4231542 0.8238996
0.01300452 -0.3113612 1.103775
0.1793196 -0.2976689 0.6839728
0.2417842 -0.3184697 0.6937396
0.1745051 -0.2970098 0.6771637
0.1742262 -0.3312187 0.6831014
0.3735481 -0.4045173 0.8426166
0.2392008 -0.3238696 0.6921995
0.1818542 -0.5212662 0.6326742
0.2076825 -0.5362797 0.6755264
0.1549289 -0.4670563 0.6711034
0.2115361 -0.5394872 0.6800247
0.142365 -0.5393082 0.453463
0.1509497 -0.4724247 0.6651644
0.3190602 -0.535233 0.7272963
-0.02475368 -0.3687643 0.8362259
0.127196 -0.3391389 0.7000143
0.1591083 -0.270518 0.7122141
0.1383423 -0.2956533 0.6745282
0.02945406 -0.4713637 0.5887673
0.03670492 -0.4093337 0.8800985
0.03750166 -0.4102901 0.8825322
0.09263204 -0.4458973 0.6328005
-0.05441778 -0.5634596 0.810159
0.1399097 -0.4123725 0.7780188
0.0108905 -0.3118127 1.145089
0.09070963 -0.2893462 0.7102553
-0.02523023 -0.3870303 0.8280797
0.01190241 -0.5610793 0.7835271
-0.03717137 -0.5476342 0.7704371
0.02690291 -0.5516104 0.7500522
0.08275187 -0.4986113 0.6724655
0.2264342 -0.5363236 0.616742
0.04890298 -0.5525582 0.8077121
0.04516769 -0.568279 0.8222308
-0.07141759 -0.3877865 0.850335
0.1070481 -0.3052983 0.69177
0.1137649 -0.4263201 0.8406863
0.2363474 -0.5505502 0.5627656
0.2942838 -0.5504588 0.7804611
0.3846834 -0.4493564 0.7909591
0.06653872 -0.5463845 0.5009956
0.2671754 -0.4686305 0.7595717
0.2940822 -0.5036293 0.7467852
0.2773343 -0.5392702 0.6346701
0.3798045 -0.4188409 0.8433275
0.2418021 -0.5407056 0.6198967
0.2258235 -0.5229455 0.6545825
0.1922386 -0.3548777 0.6908357
0.1905659 -0.4596177 0.6846985
0.2032247 -0.2810901 0.7379233
0.1672524 -0.3871014 0.7210755
0.1054367 -0.4993107 0.6432532
0.1792808 -0.2893467 0.6889521
0.1336198 -0.4305185 0.6807377
0.07115848 -0.5359325 0.6834906
0.0188755 -0.4230398 0.9033324
0.04031203 -0.4170805 0.879161
0.3285358 -0.4319507 0.7733518
0.09090482 -0.3961968 0.82914
0.1516602 -0.384896 0.7276383
0.1680768 -0.353733 0.6950085
0.1142325 -0.4832641 0.6708223
0.2270194 -0.4369406 0.7619258
0.01405818 -0.463583 0.572287
0.4285583 -0.4279724 0.8791906
0.2659363 -0.3221291 0.71378
0.1907622 -0.5267529 0.6040855
0.1162497 -0.4881185 0.6780633
0.1835381 -0.5340402 0.6384982
0.2298289 -0.2926888 0.711077
0.1600917 -0.2790362 0.6729939
0.175668 -0.265341 0.7549725
0.1478322 -0.4134485 0.7045943
0.08920015 -0.4719616 0.7064037
0.04075123 -0.4656507 0.5572098
0.01974394 -0.40566 0.8959203
0.01234869 -0.3451172 0.905476
0.2277725 -0.2978511 0.6999463
0.01749923 -0.3281323 0.8998569
0.01160355 -0.3104473 1.100118
0.001542307 -0.3556736 0.8485285
0.3252955 -0.5357236 0.7458838
0.1700336 -0.4559682 0.667375
-0.01239921 -0.3554362 0.8660007
0.08452546 -0.2870859 0.6981729
0.129646 -0.2756247 0.7546685
0.04685324 -0.5462275 0.7273238
0.09379869 -0.4510676 0.6798722
0.1282507 -0.4536633 0.6664194
0.09068689 -0.4341603 0.8601215
0.05836349 -0.5371385 0.7681909
0.06404728 -0.4159809 0.838975
0.09016972 -0.4378181 0.8035979
0.04146831 -0.4377607 0.8607839
-0.01085758 -0.5435988 0.5237122
-0.02577248 -0.3789991 0.811799
0.2315425 -0.5391439 0.597544
-0.05566428 -0.3923908 0.8080655
0.1028651 -0.4242048 0.8244535
0.3014636 -0.4479121 0.7904192
0.1577653 -0.501942 0.6579344
-0.07724569 -0.5594472 0.8041789
0.07064948 -0.4141142 0.8798084
0.2372334 -0.5506189 0.548189
0.4095943 -0.4376392 0.83275
0.247654 -0.5610769 0.6071733
0.2223614 -0.5427951 0.5738714
0.3271809 -0.4176614 0.7608458
0.2142662 -0.5120891 0.6346215
0.2433554 -0.5443043 0.6279929
0.3662239 -0.4508187 0.8697222
0.2969789 -0.4229695 0.7510893
0.273515 -0.4504414 0.7286788
0.160623 -0.5501975 0.524555
0.2721283 -0.3081076 0.7401773
0.2712266 -0.3301442 0.7429758
0.3125768 -0.5514761 0.7235076
0.2235218 -0.5474272 0.5827296
0.1971779 -0.5432655 0.6143076
0.1976693 -0.524761 0.6280778
0.1980264 -0.3224899 0.6498446
0.3424321 -0.4184672 0.8343007
0.3407737 -0.4446021 0.8262282
0.2381689 -0.4730771 0.7524612
0.1473323 -0.5383937 0.5755818
0.2020462 -0.274838 0.7065254
0.250023 -0.3082278 0.7314261
0.1919488 -0.3355773 0.6976473
0.1922767 -0.4511244 0.7017966
0.1776714 -0.2773604 0.6900837
0.1822572 -0.2787687 0.7251189
0.1930881 -0.2695591 0.7549716
0.2061661 -0.4462444 0.7114382
0.06883212 -0.5455818 0.4817087
0.1879904 -0.428278 0.7257138
0.1799741 -0.4899712 0.6705127
0.1526507 -0.2926015 0.6942773
0.1461184 -0.3062707 0.6858602
0.2016609 -0.2773006 0.7325857
0.2249667 -0.3203535 0.6940126
0.09972931 -0.5470314 0.5111637
0.1308085 -0.4432216 0.6711767
0.2295256 -0.4303313 0.7947832
0.1562769 -0.4563805 0.6603048
0.195125 -0.2894536 0.7331703
0.1155137 -0.2898993 0.6468842
0.1470945 -0.482692 0.6551075
0.1440654 -0.2660645 0.7368748
0.04914167 -0.5181078 0.5122963
0.08931433 -0.4863407 0.6283367
0.09442224 -0.4871706 0.6550159
0.09338158 -0.4535553 0.6658294
0.03296133 -0.4951242 0.4895849
0.08959139 -0.511308 0.6731433
0.0827064 -0.4507664 0.6478419
0.07020367 -0.484138 0.6188291
0.1403621 -0.2627815 0.7231941
0.106731 -0.3177196 0.707324
0.1200817 -0.4962409 0.6729293
0.08948723 -0.2706385 0.6678021
0.07078373 -0.5018601 0.6460724
0.02775992 -0.4652387 0.511978
0.02695242 -0.4794925 0.520914
0.08896115 -0.4734122 0.7460181
0.07729659 -0.4993959 0.7229288
0.07910541 -0.4642112 0.7384455
0.08366489 -0.5044421 0.6459937
0.1013423 -0.4476717 0.6992028
0.05248971 -0.4740236 0.5485361
0.1091804 -0.5437657 0.5575317
-0.002003603 -0.5331854 0.4971096
0.09770776 -0.3278663 0.6715647
0.01261105 -0.4495569 0.5589685
-0.00808163 -0.5427977 0.50267
-0.003078592 -0.5337405 0.4914222
-0.006544322 -0.5260724 0.5185744
-0.005358972 -0.52441 0.5266378
-0.00939592 -0.5400535 0.5133678
-0.004047982 -0.5278303 0.54392
0.0882664 -0.5343223 0.5592638
0.03675436 -0.4738675 0.5762476
0.01678115 -0.4663644 0.5118214
0.02631981 -0.5364997 0.7111253
0.0688334 -0.4206208 0.8756894
-0.01073649 -0.5311282 0.5387627
-0.01777411 -0.5348009 0.5083126
0.1167314 -0.2668821 0.8608622
-0.02323524 -0.5405273 0.4902433
-0.01959752 -0.5344576 0.5161986
-0.01547752 -0.5320516 0.5483471
-0.01317184 -0.5348433 0.5628908
-0.01175153 -0.5315741 0.5866764
-0.01293688 -0.5327611 0.5770741
0.04989835 -0.4162433 0.9269981
0.04519614 -0.5360405 0.7522956
-0.02085 -0.5406715 0.5997862
0.1422246 -0.4266032 0.8001611
0.08559509 -0.4187531 0.9230171
0.01863962 -0.4131653 0.8570045
0.07548705 -0.4068674 0.9457687
0.03067251 -0.3201153 0.9241267
-0.02088643 -0.4336557 0.8096687
-0.03101139 -0.5367815 0.5967346
-0.01338627 -0.3481205 0.8708256
-0.04951084 -0.5481352 0.7638012
-0.02007351 -0.4365993 0.8173267
0.0277577 -0.1837404 1.197451
0.01897656 -0.1928243 1.196473
-0.05039761 -0.5594386 0.8033477
-0.07447813 -0.4706795 0.4822383
-0.05244964 -0.2849953 1.003134
-0.07585851 -0.5332361 0.6372461
-0.07850893 -0.3989719 0.8114785
-0.0852989 -0.4697195 0.4900917
-0.07910139 -0.4025574 0.8062492
0.03883174 -0.5150811 0.6550617
-0.02957762 -0.3648553 0.815888
0.2485791 -0.5490142 0.6304581
0.1366703 -0.2932195 0.6779778
0.04055393 -0.4195511 0.8863254
0.1468667 -0.3262271 0.6760201
0.2041913 -0.3051145 0.6689073
0.1779485 -0.2659519 0.7609439
0.2321907 -0.2950534 0.7135095
0.2924514 -0.4235798 0.777731
0.3084598 -0.5401011 0.7279726
-0.1631052 -0.4488955 0.6998593
0.2105905 -0.5093372 0.6310633
0.3440281 -0.4101154 0.7948328
0.2483736 -0.5499532 0.6355749
0.3726169 -0.4567825 0.879557
0.2991553 -0.4253448 0.7536395
0.2451744 -0.5163981 0.6631386
0.2796284 -0.3120216 0.7532578
0.2688768 -0.3277759 0.7375891
0.2344458 -0.3254682 0.7057291
0.2008298 -0.3235129 0.6547709
0.3439769 -0.4475663 0.8306277
0.2520645 -0.3092979 0.7342238
0.1796904 -0.2784945 0.6934927
0.1835876 -0.2939762 0.671775
0.2267079 -0.428472 0.7916082
0.1201175 -0.4058815 0.6584701
0.1020691 -0.3141605 0.6997044
0.0807486 -0.4672337 0.7437617
0.1025527 -0.2943616 0.6961198
-0.01497784 -0.5365137 0.5515785
-0.01239111 -0.5385513 0.581611
0.07278781 -0.397988 0.9237375
0.01092224 -0.3360393 0.8906944
-0.1384636 -0.549107 0.7483174
-0.1247855 -0.5553918 0.7679776
0.190591 -0.3538009 0.6889088
0.122813 -0.4604911 0.6683118
0.1856112 -0.3630039 0.6984623
0.1683308 -0.3894367 0.7271281
0.1174364 -0.3043932 0.6776496
0.2153957 -0.4451291 0.7342685
0.1681396 -0.3561136 0.702655
0.1694624 -0.2849419 0.6694911
0.1328653 -0.3387477 0.714815
0.303805 -0.4405333 0.7758815
0.2964928 -0.426946 0.7769817
0.2313047 -0.3003132 0.7053517
0.1709717 -0.4385901 0.6668222
0.18444 -0.3072181 0.6714465
0.1832691 -0.522606 0.6347786
0.3091968 -0.5414869 0.7300007
0.1986544 -0.5063885 0.6704305
-0.08077817 -0.462107 0.4826241
0.3036649 -0.4268502 0.7569841
0.1811015 -0.4929975 0.6742457
0.1924482 -0.2869173 0.7296288
0.1246205 -0.4091205 0.6642156
0.03926658 -0.5462387 0.7099666
-0.125412 -0.552841 0.7649154
0.0193124 -0.3895246 0.8507786
0.04911174 -0.3785136 0.8658823
-0.1558375 -0.4315506 0.6716664
-0.1561149 -0.431266 0.6663609
-0.02961927 -0.3582453 0.7991347
-0.1247157 -0.5124417 0.7114955
-0.2775111 -0.3407361 0.6519784
-0.152225 -0.538869 0.5558803
-0.1650412 -0.3827453 0.8765239
-0.1448777 -0.360592 0.8483244
-0.07766706 -0.5341398 0.7665877
-0.1499693 -0.4876535 0.7283756
-0.08466852 -0.5350982 0.6403149
-0.09320694 -0.5110271 0.6165547
-0.1416871 -0.5282565 0.5284154
-0.1556829 -0.4116966 0.7837305
-0.1507852 -0.5359138 0.5281406
-0.1601354 -0.5126262 0.5029981
-0.1612358 -0.5194696 0.5000641
-0.1886797 -0.4471772 0.6907436
-0.2153586 -0.5075088 0.5425405
-0.2207283 -0.5051244 0.5534595
-0.220466 -0.4926485 0.5541229
-0.1586815 -0.5474548 0.5432785
-0.1682278 -0.5010133 0.5052348
-0.1285314 -0.3680415 0.8848967
-0.2005969 -0.4941565 0.4992699
-0.2241754 -0.5018399 0.4833496
-0.2210541 -0.4735729 0.5389436
-0.234819 -0.4899532 0.4650566
-0.2339738 -0.5146219 0.5257049
-0.2338454 -0.42436 0.6410825
-0.2440298 -0.4861162 0.4593194
-0.2693692 -0.3917982 0.6417807
-0.2779209 -0.3161594 0.6601071
-0.1237191 -0.5228056 0.7226462
-0.1523497 -0.5117502 0.5309225
-0.08011782 -0.5201918 0.7477623
-0.129086 -0.3573849 0.8447267
-0.08433001 -0.5473682 0.6545558
-0.1677585 -0.4943246 0.7328962
-0.1623279 -0.5444121 0.5181112
-0.1885999 -0.4504014 0.6940657
-0.2249138 -0.5126689 0.5745111
-0.2195103 -0.5171906 0.4906041
-0.08784546 -0.5403052 0.6361254
-0.05705511 -0.5540943 0.7963936
-0.1389861 -0.5279596 0.512638
-0.1677255 -0.5297765 0.532333
-0.1963381 -0.5139948 0.5263053
-0.2252847 -0.5138314 0.4875161
-0.215062 -0.5064906 0.5607914
-0.1351133 -0.3666238 0.8149374
-0.157505 -0.3482588 0.9064355
-0.1540994 -0.5249665 0.5279436
-0.1324556 -0.526338 0.4913533
-0.1418134 -0.3984259 0.7743104
-0.1461392 -0.3510551 0.8189613
-0.1763075 -0.5298551 0.5028534
-0.2302402 -0.5094859 0.4856556
-0.2302614 -0.5049942 0.4840286
-0.2644686 -0.512422 0.4741907
-0.3086488 -0.3976231 0.5510987
-0.3855411 -0.2955249 0.8044315
-0.4513443 -0.3103718 0.8462917
-0.334692 -0.3327171 0.56792
-0.3232011 -0.5198919 0.4655581
-0.31836 -0.5047654 0.5076489
-0.1555833 -0.5394883 0.4865386
-0.2748693 -0.5273874 0.4927738
-0.2698683 -0.5255629 0.4765555
-0.3559701 -0.2556262 0.8685765
-0.349399 -0.3349414 0.5957114
-0.3171706 -0.4116902 0.5378529
0.005920149 -0.424929 0.8042866
0.01909943 -0.4177622 0.894143
-0.02490423 -0.5309563 0.5884906
0.0005236864 -0.3443887 0.8868833
0.01129008 -0.5475773 0.7729902
0.008063428 -0.3446007 0.932054
-0.0007507131 -0.4256915 0.8193955
0.002176955 -0.3486263 0.9208845
-0.05597895 -0.5031388 0.4694895
-0.0152777 -0.3473563 0.8456266
-0.01464681 -0.3759471 0.8229023
-0.06090023 -0.4955958 0.4625521
-0.03179625 -0.5320156 0.6110713
-0.009777494 -0.3501574 0.9281783
-0.03657581 -0.5322042 0.6029212
-0.02759757 -0.3745458 0.8001099
0.02208337 -0.3791742 1.124534
-0.003029175 -0.5624399 0.8003339
-0.03713194 -0.532928 0.6148966
-0.06339663 -0.4665493 0.5062361
0.007627562 -0.3066671 1.121305
-0.04138085 -0.5319953 0.6060621
-0.03352892 -0.3812525 0.8225337
-0.06767314 -0.4711218 0.5091304
-0.04629485 -0.5348227 0.6152042
-0.03814241 -0.4298213 0.7751205
-0.04220533 -0.3851079 0.8048031
-0.07879203 -0.4631221 0.5009567
-0.04082556 -0.5413124 0.7609265
-0.08568895 -0.4678283 0.4645615
-0.03997152 -0.3863258 0.8123145
-0.02497528 -0.3777229 0.9960052
-0.05253004 -0.5484931 0.787072
-0.1087434 -0.5392034 0.4811243
-0.1189879 -0.5430431 0.4854581