9.554704 -2.261008 -22.437170
97.409325 -2.261009 -28.765390
9.435121 1.801921 -22.604637
97.409332 1.801921 -28.765390
2.002524 1.801921 -35.929623
97.409332 1.801921 -41.955006
2.018684 -2.261008 -35.906990
97.409325 -2.261008 -41.955009
89.572105 2.512933 -42.687897
89.572105 -2.972021 -42.687893
89.747452 -2.972021 -27.490656
89.747452 2.512933 -27.490656
82.876465 2.512933 -42.267212
82.876472 -2.972021 -42.267208
83.637421 -2.972021 -27.035841
83.637413 2.512933 -26.975893
77.420334 2.512933 -41.678955
77.420341 -2.972021 -41.678955
75.796852 -2.972021 -26.742619
75.796852 2.512933 -26.382919
69.262672 2.512933 -39.454922
69.262672 -2.972021 -39.454922
68.657623 -2.972021 -26.821491
68.657623 2.512933 -26.761538
61.746056 2.512933 -38.627342
61.746056 -2.972021 -38.627342
61.693733 -2.972021 -27.259468
61.693733 2.512933 -27.259468
54.729847 2.471612 -38.136330
54.729843 -2.930700 -38.136330
54.729847 -2.930700 -27.487148
54.729847 2.471612 -27.487148
47.765953 2.189876 -38.122124
47.765953 -2.648963 -38.122120
47.765953 -2.648963 -27.943359
47.765953 2.189876 -27.943359
40.612209 1.932380 -38.489895
40.612209 -2.391468 -38.489895
40.612209 -2.391468 -28.699446
40.612209 1.932380 -28.699448
32.635746 1.818623 -38.404186
32.635746 -2.277710 -38.404186
32.635746 -2.277710 -29.871935
32.635746 1.818623 -29.871935
26.368006 1.805298 -38.470989
26.368006 -2.264385 -38.470985
26.368008 -2.264385 -29.552792
26.368008 1.805298 -29.552792
20.423555 1.805298 -38.056183
20.423555 -2.264385 -38.056183
20.574509 -2.264385 -28.330114
20.574509 1.805298 -28.330112
14.220467 1.893753 -37.386948
14.220467 -2.352840 -37.386948
15.747033 -2.352840 -25.918125
15.747033 1.893753 -25.918123
6.573058 2.424479 -37.337692
6.574875 -2.883566 -37.335140
11.587608 -2.883566 -23.139395
11.556703 2.424479 -23.182674
8.010090 3.309153 -33.455620
2.430621 2.512933 -31.323841
2.503342 -2.972021 -31.222000
8.024634 -3.768241 -33.435249
14.721043 -3.060605 -34.232944
20.471586 -2.942666 -34.989281
26.368008 -2.942666 -35.442928
32.635742 -2.960432 -35.534592
40.612209 -3.112109 -35.851433
47.765953 -3.455437 -35.849663
54.729847 -3.831085 -35.851688
61.701206 -3.886180 -35.921837
68.744057 -3.886180 -36.039581
75.878479 -3.886180 -36.354923
82.626968 -3.886180 -36.441338
89.572105 -3.886180 -36.501915
97.498520 -2.972021 -36.502857
97.498520 2.512933 -36.502853
89.572105 3.427093 -36.501911
82.626976 3.427093 -36.441814
75.878479 3.427093 -36.357780
68.744049 3.427093 -36.040058
61.701206 3.427093 -35.921837
54.729847 3.371997 -35.851688
47.765953 2.996350 -35.849663
40.612209 2.653022 -35.851433
32.635746 2.501345 -35.534592
26.368008 2.483579 -35.442928
20.471586 2.483579 -34.989281
14.721043 2.601518 -34.232944
9.904733 3.309153 -28.036589
5.644685 2.512933 -26.208298
5.790124 -2.972021 -26.004620
9.933820 -3.768241 -27.995853
15.286463 -3.060606 -29.843578
20.526482 -2.942666 -31.331112
26.368008 -2.942666 -32.143982
32.635746 -2.960432 -32.279556
40.612209 -3.112109 -32.162235
47.765953 -3.455437 -32.062588
54.729847 -3.831085 -31.997414
61.693733 -3.886180 -31.964888
68.657616 -3.886180 -31.901258
75.646561 -3.886180 -31.884689
82.735680 -3.886180 -31.931881
89.597160 -3.886180 -31.997915
97.498520 -2.972021 -32.119450
97.498512 2.512933 -32.119446
89.597160 3.427093 -31.997915
82.735680 3.427093 -31.922651
75.646561 3.427093 -31.829309
68.657623 3.427093 -31.892029
61.693733 3.427093 -31.964888
54.729847 3.371997 -31.997414
47.765953 2.996350 -32.062588
40.612209 2.653022 -32.162235
32.635746 2.501345 -32.279556
26.368008 2.483579 -32.143982
20.526480 2.483579 -31.331112
15.286462 2.601518 -29.843578
95.917206 2.512933 -28.207497
95.917206 3.427093 -32.100323
95.917206 3.427093 -36.504784
95.917206 2.512933 -42.707977
95.917213 -2.972021 -42.707977
95.917206 -3.886180 -36.504780
95.917206 -3.886180 -32.100319
95.917206 -2.972021 -28.207499
20.553926 -2.942666 -29.597067
23.392349 -2.942666 -31.829828
23.392349 -2.264385 -29.067787
20.581373 -0.229544 -27.907791
23.392349 1.805298 -29.067787
20.553926 2.483578 -29.597065
23.392349 2.483578 -31.829828
17.468485 1.805298 -37.675594
17.468485 -2.264385 -37.675591
14.148954 -0.229544 -37.818218
15.552503 -3.060605 -27.597662
17.880177 -2.942666 -30.649227
18.072300 -2.264385 -27.246126
15.811874 -0.229544 -25.358276
18.072298 1.805298 -27.246126
15.552504 2.601518 -27.597662
17.880177 2.483578 -30.649227
10.372823 2.159116 -37.388504
10.372824 -2.618203 -37.388500
12.578351 -3.414423 -28.973566
13.460023 -2.618203 -24.448399
13.460024 2.159116 -24.448399
12.578350 2.955336 -28.973566
4.776833 3.427093 -32.372639
7.169746 3.309153 -35.746445
1.709108 2.512933 -34.182049
1.745468 -2.972021 -34.131130
1.687335 -0.229544 -30.919924
7.177019 -3.768240 -35.736259
4.835009 -3.886180 -32.291168
11.414515 -3.414423 -33.962063
14.434998 -3.060605 -36.093136
17.660608 -2.942666 -34.609219
20.444141 -2.942666 -36.756275
23.392349 -2.942666 -35.271534
26.368004 -2.942666 -37.165409
29.343658 -2.942666 -35.490437
32.635746 -2.960432 -37.178993
36.560692 -3.013732 -35.695961
40.612209 -3.112109 -37.406460
44.284008 -3.265109 -35.877922
47.765957 -3.455437 -37.226051
51.247898 -3.665800 -35.840900
54.729839 -3.831085 -37.234173
58.211788 -3.886180 -35.882099
61.723633 -3.886180 -37.514748
65.205574 -3.886180 -35.960629
69.003357 -3.886180 -37.987652
72.335793 -3.886180 -36.199825
76.649399 -3.886180 -39.258533
79.269783 -3.886180 -36.418476
82.751724 -3.886180 -39.594673
86.067337 -3.886180 -36.474396
89.572113 -3.886180 -39.835064
93.122559 -3.886180 -36.508190
95.917198 -3.886180 -39.846539
97.613174 -0.229544 -36.502720
97.498505 -2.972021 -39.838833
97.498505 -0.229544 -42.694633
97.498505 2.512933 -39.838833
89.572113 3.427093 -39.835064
93.122559 3.427093 -36.508190
95.917198 3.427093 -39.846539
82.751724 3.427093 -39.594673
86.067337 3.427093 -36.474396
76.649399 3.427093 -39.258533
79.269775 3.427093 -36.420380
69.003357 3.427093 -37.987652
72.335793 3.427093 -36.201729
61.723633 3.427093 -37.514748
65.205574 3.427093 -35.960629
54.729839 3.371997 -37.234173
58.211788 3.427093 -35.882099
47.765957 2.996350 -37.226051
51.247898 3.206712 -35.840900
40.612213 2.653022 -37.406460
44.284008 2.806021 -35.877922
32.635742 2.501345 -37.178993
36.560692 2.554644 -35.695961
26.368004 2.483578 -37.165405
29.343658 2.483578 -35.490437
20.444141 2.483578 -36.756271
23.392349 2.483578 -35.271534
14.434998 2.601518 -36.093132
17.660608 2.483578 -34.609219
11.414515 2.955336 -33.962063
8.939955 3.309153 -30.826454
3.778774 2.512933 -28.682272
3.887854 -2.972021 -28.529514
8.961771 -3.768240 -30.795900
15.007086 -3.060605 -32.102547
20.499033 -2.942666 -33.154705
26.368004 -2.942666 -33.757050
32.635746 -2.960432 -33.868576
40.612209 -3.112109 -34.075527
47.765957 -3.455437 -34.110020
54.729839 -3.831085 -34.110020
61.693729 -3.886180 -34.110020
68.657616 -3.886180 -34.108116
75.621506 -3.886180 -34.098598
82.585388 -3.886180 -34.108116
89.572113 -3.886180 -34.110020
95.917198 -3.886180 -34.110020
97.498505 -2.972021 -34.110020
97.498505 2.512933 -34.110023
89.572113 3.427093 -34.110023
95.917198 3.427093 -34.110020
82.585388 3.427093 -34.110023
75.621506 3.427093 -34.110023
68.657616 3.427093 -34.110023
61.693729 3.427093 -34.110023
54.729839 3.371997 -34.110023
47.765957 2.996350 -34.110023
40.612213 2.653022 -34.075531
32.635742 2.501345 -33.868576
26.368004 2.483578 -33.757050
20.499033 2.483578 -33.154705
15.007085 2.601518 -32.102547
97.154510 2.512933 -28.329647
97.154510 3.427093 -32.117771
97.154510 3.427093 -36.503273
97.154510 2.512933 -42.697426
97.154510 -2.972021 -42.697426
97.154510 -3.886180 -36.503281
97.154510 -3.886180 -32.117771
97.154510 -2.972021 -28.329647
10.506123 -2.972021 -22.293550
11.806873 -0.229544 -22.468643
10.382500 2.512933 -22.466677
9.821301 -0.229544 -21.961876
10.849818 3.309153 -25.263660
7.414501 3.427093 -27.030037
7.919478 2.512933 -23.852858
3.468669 2.512933 -36.891922
6.374162 -0.229544 -37.868099
3.475941 -2.972021 -36.881741
1.388058 -0.229544 -36.366428
7.530853 -3.886180 -26.867094
10.886178 -3.768240 -25.212738
8.101276 -2.972021 -23.598263
97.498505 -2.972021 -29.990253
97.613174 -0.229544 -32.120007
97.498505 2.512933 -29.990253
97.498505 -0.229544 -28.340818
5.132314 -0.229544 -25.825752
93.122559 2.512933 -42.731800
95.917198 -0.229544 -43.661785
93.122559 -2.972021 -42.731800
89.572113 -0.229544 -43.638840
89.672302 -3.886180 -29.504128
93.122559 -3.886180 -32.052441
95.917198 -3.886180 -29.913752
93.122559 -2.972021 -27.872328
89.772491 -0.229544 -26.819500
95.917198 -0.229544 -27.638746
93.122559 2.512933 -27.872328
89.672302 3.427093 -29.504128
95.917198 3.427093 -29.913752
93.122559 3.427093 -32.052441
86.067337 2.512933 -42.495251
86.067337 -2.972021 -42.495251
82.918060 -0.229544 -43.158058
83.186546 -3.886180 -29.249508
86.167526 -3.886180 -31.960535
86.768692 -2.972021 -27.228996
83.787704 -0.229544 -26.265728
86.768692 2.512933 -27.228996
83.186546 3.427093 -29.203072
86.167526 3.427093 -31.960535
80.267776 2.512933 -42.117149
80.267784 -2.972021 -42.117149
77.677299 -0.229544 -42.485779
75.721695 -3.886180 -29.108324
79.203629 -3.886180 -31.903534
79.804787 -2.972021 -26.859692
75.821884 -0.229544 -25.760689
79.804794 2.512933 -26.619892
75.721695 3.427093 -28.829700
79.203629 3.427093 -31.866615
73.513199 2.512933 -40.586594
73.513199 -2.972021 -40.586594
69.349098 -0.229544 -39.944019
68.657616 -3.886180 -29.127020
72.139557 -3.886180 -31.884535
72.139557 -2.972021 -26.726706
68.657616 -0.229544 -26.020752
72.139557 2.512933 -26.486906
68.657616 3.427093 -29.080584
72.139557 3.427093 -31.847616
65.384987 2.512933 -38.898888
65.384987 -2.972021 -38.898888
61.753536 -0.229544 -38.998203
61.693729 -3.886180 -29.372021
65.175667 -3.886180 -31.933035
65.175667 -2.972021 -27.036505
61.693729 -0.229544 -26.555285
65.175667 2.512933 -27.036505
61.693729 3.427093 -29.372021
65.175667 3.427093 -31.933035
58.211788 2.512933 -38.349174
58.211788 -2.972021 -38.349174
54.729839 -0.229544 -38.437054
54.729839 -3.831085 -29.502123
58.211788 -3.886180 -31.981833
58.211788 -2.972021 -27.378082
54.729839 -0.229544 -26.815489
58.211788 2.512933 -27.378082
54.729839 3.371997 -29.502123
58.211788 3.427093 -31.981833
51.247898 2.347648 -38.060787
51.247898 -2.806736 -38.060787
47.765957 -0.229544 -38.420811
47.765957 -3.455437 -29.762817
51.247898 -3.665800 -32.025173
51.247898 -2.806736 -27.681459
47.765957 -0.229544 -27.336878
51.247898 2.347648 -27.681459
47.765957 2.996350 -29.762817
51.247898 3.206712 -32.025173
44.284008 2.047130 -38.319939
44.284008 -2.506217 -38.319939
40.612213 -0.229544 -38.851044
40.612213 -3.112109 -30.195049
44.284008 -3.265109 -32.107136
44.284008 -2.506217 -28.255196
40.612213 -0.229544 -28.200916
44.284008 2.047130 -28.255196
40.612213 2.653022 -30.195049
44.284008 2.806021 -32.107136
36.560692 1.858598 -38.467663
36.560692 -2.317685 -38.467663
32.635742 -0.229544 -38.812584
32.635742 -2.960432 -30.866144
36.560692 -3.013732 -32.231312
36.560692 -2.317685 -29.358599
32.635742 -0.229544 -29.540535
36.560692 1.858598 -29.358599
32.635742 2.501345 -30.866142
36.560692 2.554644 -32.231312
29.343658 1.805298 -38.450432
29.343658 -2.264385 -38.450436
26.368004 -0.229544 -38.906181
26.368004 -2.942666 -30.639936
29.343658 -2.942666 -32.272167
29.343658 -2.264385 -29.878756
26.368004 -0.229544 -29.190411
29.343658 1.805298 -29.878756
26.368004 2.483578 -30.639936
29.343658 2.483578 -32.272167
23.392349 1.805298 -38.330441
23.392349 -2.264385 -38.330437
20.416697 -0.229544 -38.489475
10.882254 -0.229544 -21.732315
9.057764 3.427092 -24.425346
3.307365 -0.229544 -37.532372
9.203203 -3.886179 -24.221668
97.613174 -0.229544 -29.992489
7.637009 -0.229544 -23.526245
93.122566 -0.229544 -43.689018
93.122566 -3.886179 -29.722225
93.122566 -0.229544 -27.255693
93.122566 3.427092 -29.722225
86.067337 -0.229544 -43.418671
86.468109 -3.886179 -29.354607
86.868881 -0.229544 -26.520458
86.468109 3.427092 -29.354607
80.434113 -0.229544 -42.986549
79.504219 -3.886179 -29.164673
79.904991 -0.229544 -25.962456
79.504219 3.427092 -28.978924
73.709442 -0.229544 -41.237343
72.139557 -3.886179 -29.088682
72.139557 -0.229544 -25.810471
72.139557 3.427092 -28.902931
65.414886 -0.229544 -39.308540
65.175674 -3.886179 -29.244612
65.175674 -0.229544 -26.300472
65.175674 3.427092 -29.244614
58.211784 -0.229544 -38.680298
58.211784 -3.886179 -29.439800
58.211784 -0.229544 -26.690845
58.211784 3.427092 -29.439800
51.247902 -0.229544 -38.350716
51.247898 -3.665800 -29.613157
51.247898 -0.229544 -27.037560
51.247898 3.206712 -29.613155
44.284012 -0.229544 -38.646889
44.284016 -3.265109 -29.941008
44.284016 -0.229544 -27.693258
44.284016 2.806021 -29.941006
36.560692 -0.229544 -38.855377
36.560692 -3.013732 -30.572254
36.560692 -0.229544 -28.954044
36.560692 2.554645 -30.572254
29.343658 -0.229544 -38.875351
29.343660 -2.942666 -30.870224
29.343660 -0.229544 -29.548267
29.343660 2.483579 -30.870224
23.392349 -0.229544 -38.767563
23.392349 -2.942666 -30.230732
23.392349 -0.229544 -28.680143
23.392349 2.483579 -30.230732
17.441040 -0.229544 -38.101898
17.989962 -2.942666 -28.693405
18.099747 -0.229544 -26.763702
17.989962 2.483579 -28.693405
10.224010 -0.229544 -37.851833
13.093594 -3.414423 -26.387756
13.582169 -0.229544 -23.801945
13.093594 2.955335 -26.387756
3.952579 3.427092 -34.970570
0.980676 -0.229544 -33.892052
3.981668 -3.886179 -34.929832
10.819263 -3.414423 -35.998508
17.550823 -2.942666 -36.396675
23.392349 -2.942666 -37.019062
29.343658 -2.942666 -37.175674
36.560692 -3.013732 -37.304508
44.284012 -3.265109 -37.339088
51.247902 -3.665800 -37.190998
58.211784 -3.886179 -37.355793
65.295280 -3.886179 -37.669914
72.924500 -3.886179 -38.634315
79.768784 -3.886179 -39.508919
86.067337 -3.886179 -39.724976
93.122566 -3.886179 -39.860153
97.613174 -0.229544 -39.838272
93.122566 3.427092 -39.860153
86.067337 3.427092 -39.724976
79.768784 3.427092 -39.508919
72.924500 3.427092 -38.634315
65.295280 3.427092 -37.669914
58.211784 3.427092 -37.355793
51.247898 3.206712 -37.190998
44.284016 2.806021 -37.339088
36.560692 2.554645 -37.304504
29.343660 2.483579 -37.175671
23.392349 2.483579 -37.019062
17.550823 2.483579 -36.396675
10.819263 2.955335 -35.998508
5.959166 3.427092 -29.702467
3.110152 -0.229544 -28.260738
6.046430 -3.886179 -29.580261
12.009768 -3.414423 -31.559376
17.770393 -2.942666 -32.657284
23.392349 -2.942666 -33.525940
29.343658 -2.942666 -33.834084
36.560692 -3.013732 -33.972054
44.284012 -3.265109 -34.110020
51.247902 -3.665800 -34.110020
58.211784 -3.886179 -34.110020
65.175674 -3.886179 -34.110020
72.139557 -3.886179 -34.102406
79.103447 -3.886179 -34.102406
86.067337 -3.886179 -34.110020
93.122566 -3.886179 -34.110020
97.613174 -0.229544 -34.110020
93.122566 3.427092 -34.110020
86.067337 3.427092 -34.110020
79.103447 3.427092 -34.110020
72.139557 3.427092 -34.110020
65.175674 3.427092 -34.110020
58.211784 3.427092 -34.110020
51.247898 3.206712 -34.110020
44.284016 2.806021 -34.110020
36.560692 2.554645 -33.972050
29.343660 2.483579 -33.834084
23.392349 2.483579 -33.525940
17.770393 2.483579 -32.657284
12.009768 2.955335 -31.559378
97.154510 3.427092 -29.983551
97.154510 3.427092 -34.110020
97.154510 3.427092 -39.840508
97.154510 -0.229544 -43.649734
97.154510 -3.886179 -39.840508
97.154510 -3.886179 -34.110020
97.154510 -3.886179 -29.983551
97.154510 -0.229544 -27.778345