0.4554 0 0.3445
0.4554 0 1.3445
0.4554 0 2.3445
0.4554 0 3.3445
0.4554 0 4.3445
0.4554 0 5.3445
0.4554 0 6.3445
0.4554 0 7.3445
0.4554 0 8.3445
0.4554 0 9.3445
1.4554 0 0.3445
1.4554 0 1.3445
1.4554 0 2.3445
1.4554 0 3.3445
1.4554 0 4.3445
1.4554 0 5.3445
1.4554 0 6.3445
1.4554 0 7.3445
1.4554 0 8.3445
1.4554 0 9.3445
2.4554 2 0.3445
2.4554 0 1.3445
2.4554 0 2.3445
2.4554 0 3.3445
2.4554 1 4.3445
2.4554 0 5.3445
2.4554 0 6.3445
2.4554 0 7.3445
2.4554 0 8.3445
2.4554 0 9.3445
3.4554 0 0.3445
3.4554 0 1.3445
3.4554 0 2.3445
3.4554 0 3.3445
3.4554 0 4.3445
3.4554 0 5.3445
3.4554 0 6.3445
3.4554 0 7.3445
3.4554 0 8.3445
3.4554 0 9.3445
4.4554 0 0.3445
4.4554 0 1.3445
4.4554 0 2.3445
4.4554 0 3.3445
4.4554 0 4.3445
4.4554 0 5.3445
4.4554 0 6.3445
4.4554 0 7.3445
4.4554 0 8.3445
4.4554 0 9.3445
5.4554 0 0.3445
5.4554 0 1.3445
5.4554 0 2.3445
5.4554 0 3.3445
5.4554 0 4.3445
5.4554 0 5.3445
5.4554 0 6.3445
5.4554 0 7.3445
5.4554 0 8.3445
5.4554 0 9.3445
6.4554 0 0.3445
6.4554 0 1.3445
6.4554 0 2.3445
6.4554 0 3.3445
6.4554 0 4.3445
6.4554 0 5.3445
6.4554 0 6.3445
6.4554 0 7.3445
6.4554 0 8.3445
6.4554 0 9.3445
7.4554 0 0.3445
7.4554 0 1.3445
7.4554 0.4 2.3445
7.4554 0 3.3445
7.4554 0 4.3445
7.4554 0 5.3445
7.4554 0 6.3445
7.4554 0 7.3445
7.4554 0 8.3445
7.4554 -1 9.3445
8.4554 0 0.3445
8.4554 0 1.3445
8.4554 0 2.3445
8.4554 0 3.3445
8.4554 0 4.3445
8.4554 0 5.3445
8.4554 0 6.3445
8.4554 0 7.3445
8.4554 0 8.3445
8.4554 0 9.3445
9.4554 0 0.3445
9.4554 0 1.3445
9.4554 0.4 2.3445
9.4554 0 3.3445
9.4554 0 4.3445
9.4554 0 5.3445
9.4554 0 6.3445
9.4554 0 7.3445
9.4554 -0.3 8.3445
9.4554 0 9.3445