-0.0192617 -0.7843552 0.965202
0.0359639 -0.7896462 0.9331928
-0.06177536 -0.7624964 0.7132876
0.05998068 -0.7430056 0.8023951
0.02357475 -0.7355348 0.6051294
-0.002465552 -0.7991028 0.8553603
-0.05578932 -0.7326797 0.6419962
0.1941654 -0.8621211 0.6035141
0.2067887 -0.7618173 0.6401466
0.09079688 -0.7599636 0.5502724
0.09223405 -0.8613642 0.5373363
0.2037358 -0.8035765 0.7106555
0.1224267 -0.7931533 0.7664953
-0.09829472 -0.7787229 0.5551485
0.01293787 -0.8290602 0.4124436
0.09992825 -0.8679563 0.435402
0.03020123 -0.8732447 0.4715413
0.1134634 -0.8325214 0.6019419
-0.0706424 -0.8110585 0.4856812
0.03533236 -0.7532716 0.6715453
-0.1064686 -0.8064637 0.6061418
0.1380924 -0.8053596 0.8107967
0.1877017 -0.728187 0.8796397
0.1119307 -0.7451153 0.8762721
0.09872894 -0.7992967 1.063064
0.1109717 -0.760421 0.9604903
0.05360401 -0.8063045 1.169467
0.01121796 -0.8114152 1.049974
0.1194159 -0.8345358 1.130941
-0.08054513 -0.7909424 0.913563
0.05681318 -0.848037 1.093661
-0.1706178 -0.8061405 0.8546181
-0.1915928 -0.7746232 0.9426067
-0.03947708 -0.8165969 1.050304
-0.09791573 -0.7826011 0.9929585
-0.03527909 -0.8681845 0.8727307
-0.1724379 -0.7919518 0.7696201
-0.2265301 -0.8346717 0.9017479
-0.1116934 -0.7709465 0.7080293
-0.152219 -0.828884 0.6762935
-0.2198643 -0.8221094 0.6976319
-0.07659189 -0.8135408 0.80943
-0.1951434 -0.8047679 0.6194066
-0.2470807 -0.8251722 0.7723019
-0.1588951 -0.655507 0.4830236
-0.03066043 -0.8132654 0.5308021
0.007086437 -0.8780344 0.3800719
-0.0599596 -0.83756 0.4083869
0.07749407 -0.8861659 0.3693785
0.17194 -0.8736275 0.4291382
0.2413437 -0.8669704 0.5446861
0.2563651 -0.8705108 0.6028817
0.1646467 -0.8718809 0.5363935
0.2837201 -0.8741715 0.4575718
0.1666985 -0.8792354 0.3407343
0.1231282 -0.8645373 0.2681767
0.1189926 -0.8648593 0.1773343
0.1751065 -0.8854045 0.2476297
0.01455967 -0.8794239 0.1994506
0.01762744 -0.8947312 0.3141705
-0.03917975 -0.8695334 0.2727899
-0.05974793 -0.8757734 0.2054915
-0.03795854 -0.8628205 0.3252071
0.2841405 -0.8609051 0.3664451
0.2650509 -0.8542211 0.2969921
0.2579139 -0.8783817 0.2292268
0.3179951 -0.8684065 0.1922627
0.3178848 -0.8753419 0.2640552
0.2159739 -0.8689209 0.1736426
0.2104947 -0.8999373 0.4840328
0.3342908 -0.9220243 0.6830451
0.2393604 -0.8275756 0.4330245
0.2780073 -0.8130287 0.6912941
0.1971283 -0.7949137 0.7973123
0.2568893 -0.7644697 0.8060597
0.2391829 -0.6954061 0.7390575
0.3016855 -0.8051748 0.6209668
0.2718881 -0.6785843 0.6235276
0.3068058 -0.8634554 0.0856296
0.2000127 -0.8597206 0.07611381
0.2458378 -0.8927724 0.06098632
0.1827661 -0.8720128 -0.0084254
0.2566264 -0.8666662 -0.04025345
0.2076169 -0.8769976 -0.1016363
0.3526067 -0.8657006 0.01884746
0.3326546 -0.8553075 -0.05388148
0.3421158 -0.7671747 0.1259762
0.3759682 -0.861057 0.09756438
0.3484227 -0.7749004 0.1995658
0.3666339 -1.034421 0.2922448
0.3906412 -0.9513808 0.3958277
0.400728 -0.7767254 0.1612756
0.3991016 -0.7969196 0.2869014
0.3946953 -0.8143401 0.3977136
0.5641909 -0.9048631 0.08233075
0.4297114 -0.7690949 0.04364722
0.2971079 -0.8837902 -0.1289622
0.4180992 -0.8716886 -0.0865427
0.07834195 -0.876829 0.09536894
0.06821974 -0.9588418 0.1334252
0.1165941 -0.9195132 0.2238168
0.2746759 -1.007076 0.3815003
0.1731494 -0.7946564 0.1248667
-0.003963577 -0.8755504 -0.03147446
-0.03910326 -0.8727148 0.09461233
0.1425301 -0.7942667 0.188333
0.2074396 -0.9435728 0.5253376
-0.1209947 -0.90144 0.3516907
-0.09964478 -0.9349071 0.2356041
-0.1145253 -0.8660557 0.2721534
-0.152123 -0.8500592 0.2073822
-0.2383211 -0.8661761 0.1835887
-0.1901454 -0.8540127 0.247147
-0.3103036 -0.8773263 0.1782467
-0.2647465 -0.8726563 0.2667464
-0.187263 -0.8724579 0.05155696
-0.3065348 -0.8779418 0.03128822
-0.4008546 -0.8734379 0.09691665
-0.3159362 -0.8647622 0.1090142
-0.3803367 -0.8603631 0.1817024
-0.475943 -0.8776749 0.1629038
-0.4314073 -0.8611296 0.2450827
-0.3402411 -0.8349814 0.2628002
-0.2693107 -0.7860057 0.177952
0.1718544 -0.813128 0.2586868
0.3925128 -0.7832221 0.2329162
0.3350803 -0.7113413 0.3958388
0.2740489 -0.8048817 0.7388414
0.1197749 -0.7313715 0.785591
-0.02062614 -0.7972985 0.7969072
-0.2049803 -0.775235 1.048672
-0.3041886 -0.8079948 0.8330956
-0.3639127 -0.8455696 0.8600628
-0.2642615 -0.7455326 0.6888894
-0.3086163 -0.7885945 0.7375383
-0.3035433 -0.8318853 0.9903752
-0.3824429 -0.8391643 0.9381378
-0.4236712 -0.8289127 1.031283
-0.436401 -0.8317991 1.088598
-0.4479102 -0.8386632 0.9044606
-0.5096245 -0.8358164 0.9624875
-0.2809388 -0.8091956 1.055557
-0.3617524 -0.7366613 0.6622741
-0.433653 -0.7785539 0.7374321
-0.4171258 -0.7214582 0.620315
-0.4607335 -0.7216859 0.6296314
-0.5286391 -0.8036839 0.8378707
-0.5683179 -0.7920547 0.738701
-0.5616131 -0.8228094 0.9088839
-0.6149596 -0.8356668 0.8393661
-0.4612343 -0.7337074 0.5537924
-0.4532499 -0.8288551 0.8170173
-0.4205464 -0.8884676 0.9706753
-0.3141074 -0.7543397 0.6168185
-0.25545 -0.7569607 0.8413137
-0.1597239 -0.8631979 0.9636729
-0.3108537 -0.8310163 0.9041982
-0.393127 -0.7700185 0.5673804
-0.360653 -0.8054157 0.7821279
-0.5453681 -0.7634823 0.5530505
-0.5893071 -0.8006653 0.6234127
-0.6760882 -0.8736584 0.8747522
-0.6446929 -0.8626689 0.7514811
-0.6378965 -0.8253388 0.9177825
-0.5971804 -0.8434737 1.001955
-0.7623833 -0.8738309 1.028349
-0.7032844 -0.854445 0.9492561
-0.582759 -0.8259715 1.081584
-0.7268254 -0.8689024 1.135022
-0.7119944 -0.8229959 1.033731
-0.5360125 -0.7890226 1.008301
-0.5169459 -0.8769466 0.9793613
-0.3666435 -0.8282873 1.038635
-0.1391708 -0.7902712 1.110075
-0.009116861 -0.7824813 1.201042
0.007801525 -0.7600107 1.142212
0.1679907 -0.7768203 1.052877
0.1388635 -0.778691 0.6995535
0.0643978 -0.8027853 0.8732865