0.5421600000000001 11.349 4.0749
-0.17447000000000001 11.425 4.1273
-1.0661 11.338 4.0916
2.6422 11.498999999999999 3.2622999999999998
2.4545 12.284 2.4255
3.4137 11.315999999999999 2.5069999999999997
2.886 11.773 2.7037
2.675 12.234 1.7605
3.5749999999999997 11.23 1.9109
1.5982 12.307 3.1279000000000003
0.79813 12.438 3.2798000000000003
1.8100999999999998 11.674 3.5492999999999997
0.8668699999999999 11.758000000000001 3.7538
1.8079999999999998 12.536 2.6132
0.80861 12.866 2.619
2.275 12.145999999999999 2.9671
-0.18689 12.456 3.3184
-1.1168 12.376 3.2519
-0.20063 11.937000000000001 3.8104
-1.232 11.816 3.7427
-0.16659000000000002 12.879 2.6782
-1.1971 12.723 2.6219
1.6483999999999999 12.828000000000001 1.928
0.70921 13.103000000000002 1.8415000000000001
0.14615 13.134 1.7094999999999998
-1.3820999999999999 12.886000000000001 1.9265
-1.725 11.202 4.0077
-7.4556 13.415 5.1046000000000005
-6.5971 14.396 4.109
-7.1925 14.545 4.3266
-6.551 13.624 4.2195
-7.111199999999999 13.767 4.751799999999999
-7.9528 13.416 5.119400000000001
-8.042100000000001 14.427999999999999 4.2793
-8.267199999999999 13.780000000000001 4.6806
-8.813 13.514000000000001 4.2222
-6.632499999999999 12.347 5.072900000000001
-7.2399000000000004 12.662 5.2364
-6.6091 11.973 5.0881
-7.201200000000001 11.811 5.2295
-6.2433000000000005 12.626999999999999 4.3831
-6.832599999999999 12.998000000000001 4.8875
-6.3094 11.811 4.4399
-7.1301000000000005 11.322000000000001 4.841
-8.0515 12.741 5.203399999999999
-7.8179 11.91 5.1116
-8.5216 12.609 4.9001
-8.953800000000001 12.620999999999999 4.4589
-8.2659 11.661000000000001 4.797
-8.9536 11.784 4.457
-5.65 15.248000000000001 3.0132
-5.551699999999999 15.312999999999999 2.6915
-3.6249999999999996 17.198 0.017688
-3.775 17.198 0.022189
-3.6249999999999996 16.935 0.051958
-3.3175999999999997 15.711 0.18681999999999999
-5.1913 15.45 1.1273
-4.1707 16.642000000000003 0.30522
-4.9468 16.414 0.41988
-4.1892 15.669 0.54879
-5.1224 15.878 0.80283
-6.2417 15.317 3.3161000000000005
-7.167 15.318999999999999 3.3701000000000003
-6.2543 15.524 2.7405
-7.210999999999999 15.55 2.7645
-7.8663 15.268999999999998 3.2268
-8.1569 15.373999999999999 2.6085000000000003
-8.725 15.229999999999999 2.2135
-5.7250000000000005 15.568000000000001 1.0325000000000002
-5.7888 15.75 0.73225
-8.85 15.223 1.9215
-5.6129 14.616000000000001 3.085
-5.4704999999999995 13.555 3.2127000000000003
-5.4144 14.713999999999999 2.6275
-4.6625 13.234000000000002 2.1909
-5.139 13.694 2.5787
-1.8277999999999999 12.238 3.0772999999999997
-2.1656 11.643 3.5208999999999997
-3.1921 11.566 3.2851
-2.1348 12.421 2.4562
-3.241 12.349 2.3293
-2.4869 12.094000000000001 2.8745
-3.1746999999999996 12.039 2.8229
-5.2912 12.686 3.4968
-4.1672 11.564 3.2998
-5.2036999999999995 11.68 3.4582
-4.249499999999999 12.488000000000001 2.4082
-4.7946 12.736 2.8108
-4.2421 12.035 2.8632999999999997
-4.7661 12.024 2.8871
-3.5964000000000005 15.129999999999999 0.053950000000000005
-5.0598 14.74 1.3881
-4.6375 13.293 1.8289
-4.9125000000000005 13.855999999999998 1.6268999999999998
-4.2976 14.915000000000001 0.54003
-4.7965 14.658999999999999 0.86783
-2.2925999999999997 12.629999999999999 1.8076999999999999
-3.1583 12.590000000000002 1.7804
-4.1733 12.796 1.6650000000000003
-6.1482 14.698 3.6168
-7.1729 15.026 3.8328
-6.0526 13.68 3.5999000000000003
-8.2619 14.823 3.5955
-8.782399999999999 14.449000000000002 3.3779000000000003
-8.9 13.828 3.7774
-8.5662 15.095 2.8208
-8.9601 14.725 2.5869
-9.0681 13.748 2.3689999999999998
-5.8722 12.924 3.8992
-6.0075 11.512 3.7685000000000004
-9.1812 12.767000000000001 3.8703000000000003
-9.1727 11.657 3.9619
-9.3164 12.720999999999998 2.5211
-9.393799999999999 12.067 2.4399
-9.1583 14.521999999999998 1.986
-9.0929 13.667000000000002 1.9817
-9.3094 11.635 1.8959
2.4948 10.286 4.1418
3.36 9.2627 4.0463
2.742 9.6386 4.3312
3.392 8.6911 4.1034
2.8156 8.6837 4.5084
3.381 7.860399999999999 4.0854
2.8125 7.6874 4.5059000000000005
1.4500000000000002 9.3279 5.088
0.74817 9.472999999999999 5.2315000000000005
1.7407 10.535 4.313899999999999
0.79536 10.633 4.2968
1.8511 9.7194 4.725300000000001
0.8643599999999999 9.9323 4.8079
-0.20197 9.5698 5.3906
-1.1446 9.5169 5.3862
-0.1875 10.691 4.3455
-1.1875 10.688 4.3019
-0.17622 10.071 4.6648000000000005
-1.2498 10.008000000000001 4.5916
1.6381 8.5894 5.1642
0.8116699999999999 8.691 5.5228
1.7644 7.695499999999999 5.2372000000000005
0.8125 7.685300000000001 5.5536
2.0575 8.8169 4.9006
2.2445 7.5721 4.956300000000001
-0.17931 8.684899999999999 5.6842999999999995
-1.1943000000000001 8.6771 5.7009
-0.19567 7.6863 5.7803
-1.1875 7.696400000000001 5.7022
3.325 6.7541 4.0033
2.8149 6.6829 4.2953
2.6761 5.7829 4.2588
2.3571 4.746 4.0428
1.5832 6.7418000000000005 5.1639
0.80431 6.6902 5.5006
1.3984 5.8886 5.0416
0.80973 5.6888000000000005 5.295
2.0566 6.5958000000000006 4.83
1.8594 5.6539 4.7879
1.2874999999999999 5.2652 4.9689
-0.17852 6.671199999999999 5.6503
-1.1785 6.6885 5.5015
-0.1875 5.6597 5.441
-1.184 5.7054 5.2714
-1.5688 5.2469 4.9615
0.6615399999999999 4.993 5.1259
1.8088 4.6655 4.3321
0.8841 4.543699999999999 4.6623
1.7688 3.9718999999999998 4.3084
0.8125 3.9516000000000004 4.5374
-0.16111 4.9844 5.172000000000001
-1.2449999999999999 4.6773 5.0903
-1.3851 3.9778000000000002 5.1036
-0.20294 4.4874 4.7587
-1.1653 4.686 4.8661
-0.18611 3.9606000000000003 4.7339
-0.91545 3.9579999999999997 4.9415000000000004
4.366099999999999 9.4028 2.252
3.4642 10.473 3.1830999999999996
2.8343 10.72 3.6339
3.6339 9.6552 3.4842999999999997
3.1733 9.9372 3.8505
3.6998 10.668 2.6780999999999997
3.2875 11.108 2.959
4.0938 9.7132 2.6663
4.4153 8.6466 2.4240999999999997
5.375 7.222099999999999 2.0429
4.516 7.6574 2.3594
3.8036 8.6663 3.5458999999999996
3.7861 7.6625 3.5658000000000003
4.2216 8.7237 2.8254
4.2355 7.6747 2.858
4.387499999999999 9.6228 1.5269
4.4375 9.679699999999999 0.8644499999999999
3.9544999999999995 10.61 1.7655
4.2313 10.009 1.7236999999999998
4.5406 8.7417 1.5604
5.5118 7.2639 1.7944000000000002
4.8722 7.376 1.7434
4.5917 8.6298 0.94211
1.9432999999999998 10.96 3.9063
1.097 11.058 3.9648000000000003
4.665699999999999 5.7153 3.1336999999999997
5.6079 6.633500000000001 2.4122
4.816800000000001 6.701 2.6298
5.6055 5.7253 2.4902
5.1163 5.6662 2.9137
3.6914000000000002 6.7032 3.6122
3.3000000000000003 6.4719999999999995 3.9903
3.8004000000000002 5.6507000000000005 3.3119
3.0629 5.4915 3.8484
4.1875 6.6383 2.8357
4.1434 6.088 2.9632
4.492100000000001 4.990399999999999 3.1243
5.463500000000001 5.0167 2.2044
4.828 4.737 2.5845
3.7973 4.8347 3.1456
2.8053000000000003 4.7061 3.5991000000000004
2.5595 4.0346 3.415
3.8455000000000004 4.3509 2.8278000000000003
3.2030999999999996 4.3278 2.9253
3.6581 4.0335 2.5144
3.019 3.9321 2.6847
5.9333 6.7891 1.7361000000000002
4.65 7.1452 1.9709999999999999
5.9562 5.7747 1.8339999999999999
5.5636 4.9199 1.9173
5.050000000000001 4.5064 1.9181
2.3 4.7802999999999995 3.9776
2.2389 3.8859999999999997 3.8795
-1.9545 9.39 5.2205
-2.1462 10.618 4.2059
-3.1027 10.395 4.1228
-2.2521 9.772300000000001 4.5194
-3.1857999999999995 9.7026 4.3878
-4.3262 10.412 4.089099999999999
-5.2154 10.404 4.0972
-4.1875 9.6944 4.2424
-5.1919 9.6967 4.3563
-2.1489000000000003 8.6672 5.4767
-2.7 8.3087 5.0284
-2.1069999999999998 7.7249 5.4365
-2.6010999999999997 8.9634 4.8980999999999995
-3.1893 8.7035 4.4169
-2.5625 7.4892 4.7101999999999995
-3.197 7.6899999999999995 4.2177
-4.1824 8.695400000000001 4.3295
-5.1825 8.6844 4.4933
-4.1918 7.6728000000000005 4.2564
-5.1849 7.6877 4.2992
-6.1339 10.392999999999999 4.1164
-7.2672 10.975999999999999 4.4294
-6.1784 9.6825 4.3327
-7.0058 9.6203 4.1397
-8.043899999999999 11.091 4.4343
-6.1927 8.6724 4.452
-7.034400000000001 8.7352 4.1908
-6.141 7.7489 4.2178
-6.8579 8.0144 4.102399999999999
-1.9044999999999999 6.7732 5.2387999999999995
-1.7742 5.8909 5.0809
-2.3548 6.638199999999999 4.522600000000001
-3.399 6.7795 4.0929
-2.169 5.6549000000000005 4.5164
-3.6110999999999995 6.070600000000001 4.0407
-4.1231 6.6951 4.1392
-4.8588 7.0956 4.035699999999999
-4.03 5.9464999999999995 4.0446
-2.1919999999999997 4.4965 5.2258
-2.9187000000000003 4.3585 5.1088000000000005
-2.1919 3.9826 5.3521
-3.0331 3.9749 5.2133
-2.1998 4.9847 4.6725
-3.1911 4.6848 4.5187
-3.5276 3.9753 4.7529
-4.2016 4.4823 4.1594
-5.194 4.4707 4.3498
-4.1928 3.9327 4.3582
-5.1857 3.9252000000000002 4.6212
-5.9453 4.424 4.2862
-6.0765 3.9086999999999996 4.4363
-2.4273 11.038 3.9128999999999996
-3.2379 10.878 3.7952
-4.1152 10.853 3.7969000000000004
-5.1698 10.906 3.8258
-6.2091 10.877 3.8274000000000004
-7.1655 10.596 3.7516000000000003
-7.463400000000001 9.7746 3.8346999999999998
-7.912 10.508000000000001 3.2308000000000003
-8.020299999999999 9.675799999999999 3.3591999999999995
-8.378 10.568 2.5985
-8.729199999999999 10.314 2.0825
-8.520999999999999 9.7079 2.781
-8.8082 9.6456 2.2984999999999998
-7.516 8.604000000000001 3.8816
-6.457699999999999 7.3455 3.897
-7.2279 7.6415999999999995 3.6413
-7.6375 7.2563 2.8729999999999998
-8.0031 8.7076 3.4290000000000003
-7.891900000000001 7.9371 3.2477
-8.483400000000001 8.6686 2.6974
-8.7891 8.923300000000001 2.2611
-8.1048 7.7169 2.5829
-8.6393 10.784 1.8635
-8.7672 10.491999999999999 1.7264000000000002
-8.9333 9.8483 1.7610000000000001
-8.6375 8.3067 1.8606999999999998
-8.9179 8.9186 1.8946999999999998
-8.287899999999999 7.6109 1.7794
-8.25 7.4674000000000005 0.71175
-2.6437 6.4141 3.9321
-3.0035 6.6129999999999995 3.8941999999999997
-2.6131 5.6531 3.8882
-3.1664 5.6657 3.7741999999999996
-4.5716 6.4541 3.9166
-5.1959 6.6869 3.6733000000000002
-4.2557 5.5545 3.9025999999999996
-4.9406 5.6892 3.4344
-5.55 6.2391000000000005 2.9498
-5.375 5.8574 2.6313
-3.406 5.0137 3.8577
-4.1741 4.9590000000000005 3.929
-5.0975 4.9435 3.6965
-5.3 5.1065 2.9209
-5.4145 5.456799999999999 1.2257
-5.5848 5.417000000000001 0.83272
-5.4844 4.9295 1.1461999999999999
-5.615 5.0619 0.92929
-6.1451 6.825699999999999 3.5376
-6.972499999999999 6.995800000000001 3.2788
-6.2823 6.3322 2.6886
-7.1037 6.6787 2.5228
-6.0857 6.0568 2.2643
-6.7 6.1558 2.0109
-7.82 7.1278999999999995 2.1031999999999997
-6.2116 4.5145 3.7802000000000002
-6.5473 3.9513 3.7963999999999998
-6.7250000000000005 3.742 3.3413
-7.2702 6.5008 1.8700999999999999
-6.145 5.9165 1.8731000000000002
-6.75 6.1479 1.9221
-5.741099999999999 5.4114 0.38257
-7.9222 7.0653999999999995 1.7735
-6.2473 4.468 1.111
-6.7250000000000005 4.2258 1.0413999999999999
-6.6389000000000005 4.0515 1.316
-6.8359000000000005 3.8502 1.1958
-6.1381 4.748 0.7607
-6.855899999999999 4.3549 0.8157599999999999
-7.0929 3.9829999999999997 0.8588800000000001
-1.6625 18.375 -1.9734999999999998
-1.5198 17.471 -1.8868
-1.5944 16.264 -0.9103699999999999
-1.5977000000000001 16.07 -0.88072
-1.3251000000000002 16.708000000000002 -1.5264
-1.4291999999999998 16.098000000000003 -1.1252
-1.3986 18.4 -2.3739
-1.1633 17.699 -2.3349
-0.91029 16.988 -2.1457
-2.5562 18.273 -0.9624699999999999
-2.725 18.254 -0.94384
-2.5736 17.948 -0.89653
-3.1216 17.589 -0.51154
-2.0399000000000003 18.45 -1.4943
-2.1339 17.645 -1.4566000000000001
-2.7125 17.233999999999998 -1.0156
-3.939 17.330000000000002 -0.23575
-2.2876 16.406000000000002 -0.78103
-3.1597 16.651 -0.49291999999999997
-2.26 15.912 -0.37989999999999996
-3.0372 15.767000000000001 -0.12672
-2.1158 16.849 -1.2383
-2.7 17.119999999999997 -1.022
-4.1719 16.813 -0.074958
-4.825 16.747999999999998 -0.015191
-3.7249999999999996 16.147 -7.2627999999999995
-6.6429 15.783 -0.85673
-7.1284 15.839 -0.5998
-6.597899999999999 16.288 -1.7792
-7.162300000000001 16.384 -1.576
-6.6068 16.051000000000002 -1.3567
-7.330699999999999 16.049 -1.1832
-7.7 16.204 -1.9241000000000001
-7.7179 15.851 -1.4949999999999999
-7.3691 17.286 -3.7944
-7.754999999999999 17.221 -3.9175
-6.592099999999999 16.586000000000002 -2.5021999999999998
-7.2095 16.784 -2.4725
-6.6000000000000005 16.808 -3.0915999999999997
-7.3448 17.051 -3.2045
-7.777000000000001 16.434 -2.5938
-7.789300000000001 16.039 -2.1298999999999997
-7.8211 16.900000000000002 -3.4566
-3.4667000000000003 15.131 -0.07102900000000001
-6.6117 17.352999999999998 -4.7453
-7.198599999999999 17.612 -4.5384
-6.925000000000001 18.2 -5.5026
-6.499199999999999 17.802 -5.4645
-6.9935 17.983 -5.1988
-7.793 17.516000000000002 -4.44