-69.60032 -18.35366 176.1865
-83.50488 -25.97013 175.1241
18.43252 -13.23186 106.2312
-73.02032 -23.6607 149.9018
-67.37305 -25.66446 147.9794
-63.6554 -21.9915 152.9136
-28.73627 -17.21898 146.3869
-18.28947 -22.09306 134.7623
-63.18498 -19.48098 195.0185
-48.9371 -26.2697 177.6731
-68.29093 -24.12005 160.5918
-13.24764 -22.11558 106.3135
-85.69221 -26.58734 130.4596
-54.24403 -4.666826 198.0325
-37.61954 -23.21031 51.53338
-52.21064 -11.34162 194.4832
-18.00644 -22.78576 99.85966
-36.74427 -22.44752 141.9494
-56.43632 -9.346214 188.0977
-58.74026 -21.43463 162.76
-35.76338 -22.61497 74.30458
-45.57159 -22.98133 85.47968
-0.9945368 -21.22103 82.55201
-75.7112 -23.81482 163.879
-4.743863 -22.43163 112.0827
-31.95959 -23.01997 53.40702
-2.835814 -20.95206 98.55396
-40.16841 -19.63063 153.9567
-9.404977 -19.82151 41.28872
-14.71481 -14.89567 118.8289
-17.17777 -22.09262 35.04343
-59.9298 -8.140555 163.7149
-74.70644 -23.03309 142.1829
-19.35168 -24.00802 122.5488
-16.17857 -20.60635 70.62598
-58.94998 3.939507 204.1099
-23.47376 -22.54256 27.96271
-56.05636 -19.76716 186.6064
-18.56369 -13.30082 131.1268
-80.98342 -24.50774 169.164
-8.765149 -20.36845 24.39254
1.772161 -7.670934 55.52741
-47.56151 -23.73212 152.4814
-33.54208 -22.71119 94.85873
17.22275 -20.70674 125.4222
-55.03231 1.614418 197.7717
-46.95969 -24.4316 167.8459
-51.5609 -21.6879 175.5005
-26.64756 -22.68974 60.12769
-2.933969 -20.48908 73.88204
-23.58755 -21.45429 157.9351
-55.13269 -21.33785 180.4251
-56.9286 -25.03376 170.1568
-22.03115 -22.42148 143.8754
-42.79399 -22.64697 64.24082
-25.73833 -21.86218 94.94096
-26.24485 -22.92513 49.18123
1.605398 -13.22757 72.71547
-47.27523 -23.99297 92.25055
-28.65779 -22.297 70.363
-36.07528 -20.24818 147.9857
-37.87542 -22.67059 43.9198
-15.77381 -22.05659 42.73513
-32.36737 -16.36195 173.5206
-29.28077 -22.38421 36.66096
-1.459802 -22.31484 49.96507
-34.07448 -20.72111 162.1711
-22.6344 -21.08365 75.52969
-7.612328 -21.97787 58.9851
-14.10763 -21.86156 49.74929
1.566929 -14.47227 53.78261
-28.38376 -24.08475 150.4543
-68.78906 -23.31264 170.6272
-61.57536 -19.76638 173.6873
-21.34356 -22.22429 43.41761
-64.83101 -23.89183 135.9267
-15.29272 -20.02743 75.98182
-47.36326 -23.03395 191.0078
-11.43735 -22.52028 127.4698
-57.64631 -10.50517 194.3468
-65.75927 -20.97178 202.6894
-50.70583 -24.39941 157.3109
-80.05261 -38.31083 134.0995
-54.63658 -18.53368 196.8344
-51.81273 -22.36987 202.313
-23.1777 -21.91433 84.21532
-42.66526 -23.6121 131.624
-4.998085 -21.66536 68.25838
-10.20239 -22.092 92.60729
-3.717641 -20.99591 34.03608
-91.05861 -25.7438 160.1935