56.41738 0.1579282 76.23415
37.69186 -29.47403 19.93311
24.9729 -30.49627 10.35647
3.973658 -19.68229 60.55207
9.460383 -8.970541 41.60357
16.33312 -28.5294 18.76627
48.07335 -27.43403 76.79922
46.37598 -21.60398 47.95634
1.420963 -25.41842 38.68011
42.78844 12.58329 30.1873
47.58748 -27.47881 25.01481
23.40146 -21.23174 64.40145
32.95296 -27.03682 29.65885
56.72324 -21.1951 58.59757
35.74997 -26.58753 6.602978
60.54384 -28.7383 28.26371
17.51634 -29.99111 27.52505
40.18198 -22.40105 53.15644
26.03179 -18.25734 55.60005
19.66659 -19.63929 52.72178
43.1048 -24.85944 65.85588
40.80614 11.76106 38.03575
-2.781754 -18.36056 76.19994
51.14443 -30.43287 83.10335
53.13213 -22.2431 50.40132
-9.172916 -7.673944 85.32908
-6.997682 -18.65119 65.04747
15.07994 -27.76547 48.65311
14.84568 -8.510567 45.84424
4.326941 -0.6461054 54.30704
28.89408 -27.69814 46.0784
-0.1029511 -15.59729 55.8446
-8.749873 -26.96833 1.795651
-15.77375 -27.86522 13.87887
-25.41794 -16.50943 26.85948
31.19253 -29.83919 17.74488
32.84622 -19.07514 61.43474
11.04242 -25.02677 41.97422
8.479708 -12.21188 49.22079
24.45572 -29.51829 55.53032
30.79077 -29.54717 35.67959
4.934567 -17.05732 35.09408
-2.425816 -27.56981 11.76973
-16.61976 -28.02117 42.82328
-33.80268 -25.34232 9.766029
-41.63665 -3.591951 20.44986
2.514837 -25.48333 7.416998
-64.96902 -5.515484 49.19031
-7.094783 -10.67229 65.09998
-10.0589 -27.3776 19.78183
-35.08633 -14.98673 20.55176
-41.63106 -4.976032 44.96803
-18.49825 -28.27949 23.01269
-52.62858 -3.992031 47.46282
-39.64146 -20.44834 14.435
-22.43939 -15.68885 41.36772
-27.6941 -5.63727 29.19465
-24.81994 -25.79352 25.87435
-33.8442 -13.70971 52.52147
-0.7748134 -30.0223 50.19747
-18.10254 -21.35999 36.14077
-18.32698 -10.46779 50.59338
-24.79042 -12.03413 62.4902
-30.60292 -8.811912 36.11819
35.58253 -26.259 42.62626
24.96154 -30.32292 21.4322
12.63704 -4.659548 57.91385
6.597366 -26.79588 34.32957
16.4253 -26.73782 37.59565